Bd1	0	99999	40.36575
Bd1	100000	199999	56.86226
Bd1	200000	299999	55.56496
Bd1	300000	399999	47.87047
Bd1	400000	499999	58.52556
Bd1	500000	599999	58.68765
Bd1	600000	699999	59.68705
Bd1	700000	799999	57.47718
Bd1	800000	899999	57.76729
Bd1	900000	999999	58.65479
Bd1	1000000	1099999	58.46743
Bd1	1100000	1199999	56.19257
Bd1	1200000	1299999	57.61967
Bd1	1300000	1399999	53.9436
Bd1	1400000	1499999	56.57857
Bd1	1500000	1599999	50.08101
Bd1	1600000	1699999	55.63964
Bd1	1700000	1799999	56.96319
Bd1	1800000	1899999	58.25301
Bd1	1900000	1999999	53.10376
Bd1	2000000	2099999	57.72436
Bd1	2100000	2199999	56.4926
Bd1	2200000	2299999	49.24109
Bd1	2300000	2399999	53.82731
Bd1	2400000	2499999	55.14996
Bd1	2500000	2599999	58.77137
Bd1	2600000	2699999	56.37238
Bd1	2700000	2799999	57.35598
Bd1	2800000	2899999	57.86881
Bd1	2900000	2999999	57.38833
Bd1	3000000	3099999	57.75239
Bd1	3100000	3199999	59.06033
Bd1	3200000	3299999	58.66072
Bd1	3300000	3399999	58.77121
Bd1	3400000	3499999	54.96677
Bd1	3500000	3599999	47.97077
Bd1	3600000	3699999	56.34529
Bd1	3700000	3799999	59.78667
Bd1	3800000	3899999	41.17754
Bd1	3900000	3999999	42.04282
Bd1	4000000	4099999	57.58119
Bd1	4100000	4199999	51.66333
Bd1	4200000	4299999	58.98558
Bd1	4300000	4399999	54.90954
Bd1	4400000	4499999	55.38198
Bd1	4500000	4599999	53.28602
Bd1	4600000	4699999	51.42033
Bd1	4700000	4799999	54.44625
Bd1	4800000	4899999	58.81319
Bd1	4900000	4999999	57.4644
Bd1	5000000	5099999	59.64758
Bd1	5100000	5199999	58.90872
Bd1	5200000	5299999	59.70106
Bd1	5300000	5399999	57.56592
Bd1	5400000	5499999	55.93923
Bd1	5500000	5599999	58.7871
Bd1	5600000	5699999	57.31681
Bd1	5700000	5799999	56.79473
Bd1	5800000	5899999	51.18905
Bd1	5900000	5999999	55.28623
Bd1	6000000	6099999	58.85061
Bd1	6100000	6199999	58.2938
Bd1	6200000	6299999	52.9357
Bd1	6300000	6399999	57.37966
Bd1	6400000	6499999	48.87035
Bd1	6500000	6599999	57.61411
Bd1	6600000	6699999	57.51277
Bd1	6700000	6799999	58.9987
Bd1	6800000	6899999	59.28587
Bd1	6900000	6999999	55.06172
Bd1	7000000	7099999	53.59619
Bd1	7100000	7199999	59.37254
Bd1	7200000	7299999	59.009
Bd1	7300000	7399999	57.73426
Bd1	7400000	7499999	57.36099
Bd1	7500000	7599999	57.40498
Bd1	7600000	7699999	58.32666
Bd1	7700000	7799999	58.00946
Bd1	7800000	7899999	51.57425
Bd1	7900000	7999999	50.19495
Bd1	8000000	8099999	52.73714
Bd1	8100000	8199999	51.99155
Bd1	8200000	8299999	58.92957
Bd1	8300000	8399999	56.63563
Bd1	8400000	8499999	47.70805
Bd1	8500000	8599999	57.66527
Bd1	8600000	8699999	57.44179
Bd1	8700000	8799999	59.39604
Bd1	8800000	8899999	57.05212
Bd1	8900000	8999999	59.18804
Bd1	9000000	9099999	54.94206
Bd1	9100000	9199999	56.49224
Bd1	9200000	9299999	56.54309
Bd1	9300000	9399999	56.86718
Bd1	9400000	9499999	59.22253
Bd1	9500000	9599999	55.3489
Bd1	9600000	9699999	56.62505
Bd1	9700000	9799999	59.08937
Bd1	9800000	9899999	54.834
Bd1	9900000	9999999	54.42876
Bd1	10000000	10099999	56.31879
Bd1	10100000	10199999	52.22208
Bd1	10200000	10299999	49.43111
Bd1	10300000	10399999	38.16562
Bd1	10400000	10499999	57.93891
Bd1	10500000	10599999	57.00184
Bd1	10600000	10699999	58.43183
Bd1	10700000	10799999	58.64261
Bd1	10800000	10899999	50.53752
Bd1	10900000	10999999	50.92979
Bd1	11000000	11099999	54.10374
Bd1	11100000	11199999	55.64672
Bd1	11200000	11299999	48.4629
Bd1	11300000	11399999	58.33249
Bd1	11400000	11499999	57.56186
Bd1	11500000	11599999	54.59943
Bd1	11600000	11699999	51.71704
Bd1	11700000	11799999	50.99858
Bd1	11800000	11899999	53.29471
Bd1	11900000	11999999	57.50758
Bd1	12000000	12099999	57.84039
Bd1	12100000	12199999	55.02636
Bd1	12200000	12299999	59.02007
Bd1	12300000	12399999	56.82792
Bd1	12400000	12499999	56.19686
Bd1	12500000	12599999	57.04643
Bd1	12600000	12699999	40.0672
Bd1	12700000	12799999	57.45567
Bd1	12800000	12899999	56.96021
Bd1	12900000	12999999	54.34122
Bd1	13000000	13099999	51.22945
Bd1	13100000	13199999	54.53539
Bd1	13200000	13299999	32.14356
Bd1	13300000	13399999	50.91592
Bd1	13400000	13499999	59.55401
Bd1	13500000	13599999	48.22206
Bd1	13600000	13699999	36.87447
Bd1	13700000	13799999	57.93493
Bd1	13800000	13899999	52.15934
Bd1	13900000	13999999	53.70527
Bd1	14000000	14099999	47.3037
Bd1	14100000	14199999	54.97264
Bd1	14200000	14299999	48.5353
Bd1	14300000	14399999	55.15299
Bd1	14400000	14499999	52.62301
Bd1	14500000	14599999	59.75118
Bd1	14600000	14699999	58.53927
Bd1	14700000	14799999	55.84148
Bd1	14800000	14899999	57.39263
Bd1	14900000	14999999	58.18555
Bd1	15000000	15099999	56.38896
Bd1	15100000	15199999	55.93978
Bd1	15200000	15299999	57.4784
Bd1	15300000	15399999	57.49085
Bd1	15400000	15499999	53.7795
Bd1	15500000	15599999	55.41662
Bd1	15600000	15699999	50.33447
Bd1	15700000	15799999	58.26449
Bd1	15800000	15899999	50.59846
Bd1	15900000	15999999	54.4893
Bd1	16000000	16099999	52.40113
Bd1	16100000	16199999	57.05833
Bd1	16200000	16299999	53.04544
Bd1	16300000	16399999	58.79792
Bd1	16400000	16499999	54.82627
Bd1	16500000	16599999	45.34963
Bd1	16600000	16699999	49.38128
Bd1	16700000	16799999	52.97735
Bd1	16800000	16899999	41.146
Bd1	16900000	16999999	58.06465
Bd1	17000000	17099999	54.64919
Bd1	17100000	17199999	56.84331
Bd1	17200000	17299999	51.9762
Bd1	17300000	17399999	53.90336
Bd1	17400000	17499999	58.89248
Bd1	17500000	17599999	57.46343
Bd1	17600000	17699999	48.58454
Bd1	17700000	17799999	54.25109
Bd1	17800000	17899999	57.60784
Bd1	17900000	17999999	50.42637
Bd1	18000000	18099999	49.40162
Bd1	18100000	18199999	57.13866
Bd1	18200000	18299999	53.67564
Bd1	18300000	18399999	53.56174
Bd1	18400000	18499999	56.83093
Bd1	18500000	18599999	57.11115
Bd1	18600000	18699999	57.02849
Bd1	18700000	18799999	46.48032
Bd1	18800000	18899999	53.6929
Bd1	18900000	18999999	50.59629
Bd1	19000000	19099999	53.09192
Bd1	19100000	19199999	57.62796
Bd1	19200000	19299999	58.61968
Bd1	19300000	19399999	58.35689
Bd1	19400000	19499999	58.89171
Bd1	19500000	19599999	58.8677
Bd1	19600000	19699999	41.35726
Bd1	19700000	19799999	44.22033
Bd1	19800000	19899999	57.55306
Bd1	19900000	19999999	59.13517
Bd1	20000000	20099999	57.61242
Bd1	20100000	20199999	57.49186
Bd1	20200000	20299999	46.43706
Bd1	20300000	20399999	56.15109
Bd1	20400000	20499999	54.08962
Bd1	20500000	20599999	56.93299
Bd1	20600000	20699999	56.35928
Bd1	20700000	20799999	51.86739
Bd1	20800000	20899999	57.78611
Bd1	20900000	20999999	58.23711
Bd1	21000000	21099999	56.34103
Bd1	21100000	21199999	55.98295
Bd1	21200000	21299999	56.97454
Bd1	21300000	21399999	56.59665
Bd1	21400000	21499999	54.48471
Bd1	21500000	21599999	54.44109
Bd1	21600000	21699999	56.04138
Bd1	21700000	21799999	55.24016
Bd1	21800000	21899999	51.58931
Bd1	21900000	21999999	58.44431
Bd1	22000000	22099999	56.0258
Bd1	22100000	22199999	54.32109
Bd1	22200000	22299999	55.93391
Bd1	22300000	22399999	55.13171
Bd1	22400000	22499999	50.08141
Bd1	22500000	22599999	46.26013
Bd1	22600000	22699999	35.33674
Bd1	22700000	22799999	33.96896
Bd1	22800000	22899999	53.3219
Bd1	22900000	22999999	49.422
Bd1	23000000	23099999	48.09405
Bd1	23100000	23199999	56.0906
Bd1	23200000	23299999	54.9789
Bd1	23300000	23399999	52.84546
Bd1	23400000	23499999	50.40789
Bd1	23500000	23599999	49.63786
Bd1	23600000	23699999	55.51462
Bd1	23700000	23799999	43.57375
Bd1	23800000	23899999	51.79149
Bd1	23900000	23999999	55.70722
Bd1	24000000	24099999	55.97001
Bd1	24100000	24199999	51.32606
Bd1	24200000	24299999	52.78071
Bd1	24300000	24399999	48.18503
Bd1	24400000	24499999	46.68885
Bd1	24500000	24599999	47.73613
Bd1	24600000	24699999	53.75933
Bd1	24700000	24799999	54.23172
Bd1	24800000	24899999	47.36012
Bd1	24900000	24999999	45.80782
Bd1	25000000	25099999	54.38948
Bd1	25100000	25199999	57.1866
Bd1	25200000	25299999	56.56314
Bd1	25300000	25399999	55.4044
Bd1	25400000	25499999	58.32855
Bd1	25500000	25599999	58.29191
Bd1	25600000	25699999	55.54646
Bd1	25700000	25799999	53.2312
Bd1	25800000	25899999	55.32885
Bd1	25900000	25999999	56.95784
Bd1	26000000	26099999	35.96826
Bd1	26100000	26199999	52.66429
Bd1	26200000	26299999	42.83978
Bd1	26300000	26399999	49.97708
Bd1	26400000	26499999	47.40769
Bd1	26500000	26599999	54.271
Bd1	26600000	26699999	55.93174
Bd1	26700000	26799999	52.39943
Bd1	26800000	26899999	48.34971
Bd1	26900000	26999999	53.4042
Bd1	27000000	27099999	52.52487
Bd1	27100000	27199999	52.5437
Bd1	27200000	27299999	53.91913
Bd1	27300000	27399999	53.01828
Bd1	27400000	27499999	55.55179
Bd1	27500000	27599999	55.89961
Bd1	27600000	27699999	51.58846
Bd1	27700000	27799999	56.59104
Bd1	27800000	27899999	56.52979
Bd1	27900000	27999999	50.67221
Bd1	28000000	28099999	56.85952
Bd1	28100000	28199999	53.67113
Bd1	28200000	28299999	55.81399
Bd1	28300000	28399999	47.15777
Bd1	28400000	28499999	50.89556
Bd1	28500000	28599999	45.15351
Bd1	28600000	28699999	52.0627
Bd1	28700000	28799999	58.43173
Bd1	28800000	28899999	57.22776
Bd1	28900000	28999999	56.25549
Bd1	29000000	29099999	55.41837
Bd1	29100000	29199999	47.04452
Bd1	29200000	29299999	49.07626
Bd1	29300000	29399999	51.03474
Bd1	29400000	29499999	54.54195
Bd1	29500000	29599999	44.20899
Bd1	29600000	29699999	54.36662
Bd1	29700000	29799999	47.60274
Bd1	29800000	29899999	51.93785
Bd1	29900000	29999999	55.74101
Bd1	30000000	30099999	55.75594
Bd1	30100000	30199999	51.70853
Bd1	30200000	30299999	54.38295
Bd1	30300000	30399999	48.80089
Bd1	30400000	30499999	57.1189
Bd1	30500000	30599999	54.99714
Bd1	30600000	30699999	57.24639
Bd1	30700000	30799999	51.19104
Bd1	30800000	30899999	55.34935
Bd1	30900000	30999999	40.65595
Bd1	31000000	31099999	48.44811
Bd1	31100000	31199999	43.16967
Bd1	31200000	31299999	57.00371
Bd1	31300000	31399999	56.22952
Bd1	31400000	31499999	56.41037
Bd1	31500000	31599999	49.05291
Bd1	31600000	31699999	56.87062
Bd1	31700000	31799999	54.18721
Bd1	31800000	31899999	41.44179
Bd1	31900000	31999999	52.48362
Bd1	32000000	32099999	49.12266
Bd1	32100000	32199999	55.02358
Bd1	32200000	32299999	54.03161
Bd1	32300000	32399999	58.82599
Bd1	32400000	32499999	48.71443
Bd1	32500000	32599999	49.69601
Bd1	32600000	32699999	51.95942
Bd1	32700000	32799999	48.3081
Bd1	32800000	32899999	45.84559
Bd1	32900000	32999999	47.86478
Bd1	33000000	33099999	55.62078
Bd1	33100000	33199999	53.56502
Bd1	33200000	33299999	53.92148
Bd1	33300000	33399999	52.28612
Bd1	33400000	33499999	56.12274
Bd1	33500000	33599999	51.8428
Bd1	33600000	33699999	55.59074
Bd1	33700000	33799999	52.99725
Bd1	33800000	33899999	53.75836
Bd1	33900000	33999999	57.09584
Bd1	34000000	34099999	52.31515
Bd1	34100000	34199999	56.9671
Bd1	34200000	34299999	47.91356
Bd1	34300000	34399999	49.73732
Bd1	34400000	34499999	53.78684
Bd1	34500000	34599999	57.6119
Bd1	34600000	34699999	48.07693
Bd1	34700000	34799999	44.89155
Bd1	34800000	34899999	50.83382
Bd1	34900000	34999999	43.98524
Bd1	35000000	35099999	53.19839
Bd1	35100000	35199999	46.26712
Bd1	35200000	35299999	45.90783
Bd1	35300000	35399999	50.27437
Bd1	35400000	35499999	37.02805
Bd1	35500000	35599999	46.21099
Bd1	35600000	35699999	41.75652
Bd1	35700000	35799999	39.67511
Bd1	35800000	35899999	48.53362
Bd1	35900000	35999999	9.19696
Bd1	36000000	36099999	48.74878
Bd1	36100000	36199999	49.98636
Bd1	36200000	36299999	46.6245
Bd1	36300000	36399999	37.56332
Bd1	36400000	36499999	36.13902
Bd1	36500000	36599999	37.51069
Bd1	36600000	36699999	37.65206
Bd1	36700000	36799999	32.62118
Bd1	36800000	36899999	40.51916
Bd1	36900000	36999999	32.66929
Bd1	37000000	37099999	41.13361
Bd1	37100000	37199999	33.28244
Bd1	37200000	37299999	40.46725
Bd1	37300000	37399999	35.30003
Bd1	37400000	37499999	33.74451
Bd1	37500000	37599999	26.10019
Bd1	37600000	37699999	19.03284
Bd1	37700000	37799999	46.56759
Bd1	37800000	37899999	39.14539
Bd1	37900000	37999999	19.04741
Bd1	38000000	38099999	7.31184
Bd1	38100000	38199999	32.12005
Bd1	38200000	38299999	11.46393
Bd1	38300000	38399999	36.00249
Bd1	38400000	38499999	41.47075
Bd1	38500000	38599999	49.76813
Bd1	38600000	38699999	44.62296
Bd1	38700000	38799999	54.13007
Bd1	38800000	38899999	54.81295
Bd1	38900000	38999999	54.64524
Bd1	39000000	39099999	35.31243
Bd1	39100000	39199999	35.99961
Bd1	39200000	39299999	30.06643
Bd1	39300000	39399999	42.29446
Bd1	39400000	39499999	56.7578
Bd1	39500000	39599999	51.36861
Bd1	39600000	39699999	50.19891
Bd1	39700000	39799999	43.21483
Bd1	39800000	39899999	43.89407
Bd1	39900000	39999999	48.53244
Bd1	40000000	40099999	46.29087
Bd1	40100000	40199999	55.98558
Bd1	40200000	40299999	43.48149
Bd1	40300000	40399999	44.47703
Bd1	40400000	40499999	48.73945
Bd1	40500000	40599999	54.49239
Bd1	40600000	40699999	45.04184
Bd1	40700000	40799999	47.37543
Bd1	40800000	40899999	40.33143
Bd1	40900000	40999999	47.21225
Bd1	41000000	41099999	44.17331
Bd1	41100000	41199999	46.26549
Bd1	41200000	41299999	49.81598
Bd1	41300000	41399999	44.55215
Bd1	41400000	41499999	51.91111
Bd1	41500000	41599999	57.8515
Bd1	41600000	41699999	55.6426
Bd1	41700000	41799999	55.14312
Bd1	41800000	41899999	53.13761
Bd1	41900000	41999999	44.28403
Bd1	42000000	42099999	52.43324
Bd1	42100000	42199999	46.92897
Bd1	42200000	42299999	42.96968
Bd1	42300000	42399999	58.11185
Bd1	42400000	42499999	53.20789
Bd1	42500000	42599999	52.91903
Bd1	42600000	42699999	53.58879
Bd1	42700000	42799999	54.299
Bd1	42800000	42899999	58.03417
Bd1	42900000	42999999	54.91307
Bd1	43000000	43099999	56.80396
Bd1	43100000	43199999	44.41213
Bd1	43200000	43299999	41.2565
Bd1	43300000	43399999	53.6382
Bd1	43400000	43499999	54.41918
Bd1	43500000	43599999	54.67876
Bd1	43600000	43699999	57.07444
Bd1	43700000	43799999	54.68221
Bd1	43800000	43899999	54.31437
Bd1	43900000	43999999	49.4104
Bd1	44000000	44099999	55.86078
Bd1	44100000	44199999	51.43762
Bd1	44200000	44299999	55.13586
Bd1	44300000	44399999	52.65644
Bd1	44400000	44499999	52.94454
Bd1	44500000	44599999	49.23609
Bd1	44600000	44699999	42.62944
Bd1	44700000	44799999	29.45286
Bd1	44800000	44899999	41.17056
Bd1	44900000	44999999	54.81398
Bd1	45000000	45099999	52.28417
Bd1	45100000	45199999	58.89091
Bd1	45200000	45299999	57.96526
Bd1	45300000	45399999	51.7336
Bd1	45400000	45499999	52.82488
Bd1	45500000	45599999	43.09052
Bd1	45600000	45699999	55.46986
Bd1	45700000	45799999	50.66733
Bd1	45800000	45899999	53.44199
Bd1	45900000	45999999	54.94035
Bd1	46000000	46099999	55.97451
Bd1	46100000	46199999	44.53022
Bd1	46200000	46299999	47.38825
Bd1	46300000	46399999	49.86381
Bd1	46400000	46499999	55.18446
Bd1	46500000	46599999	47.73244
Bd1	46600000	46699999	55.66671
Bd1	46700000	46799999	54.5034
Bd1	46800000	46899999	53.45558
Bd1	46900000	46999999	49.50245
Bd1	47000000	47099999	56.05075
Bd1	47100000	47199999	55.23047
Bd1	47200000	47299999	52.67102
Bd1	47300000	47399999	41.03681
Bd1	47400000	47499999	43.5253
Bd1	47500000	47599999	52.07688
Bd1	47600000	47699999	50.51218
Bd1	47700000	47799999	51.27848
Bd1	47800000	47899999	42.51056
Bd1	47900000	47999999	53.66929
Bd1	48000000	48099999	54.82656
Bd1	48100000	48199999	52.86188
Bd1	48200000	48299999	45.10871
Bd1	48300000	48399999	57.40099
Bd1	48400000	48499999	57.01059
Bd1	48500000	48599999	54.77423
Bd1	48600000	48699999	42.99857
Bd1	48700000	48799999	49.85008
Bd1	48800000	48899999	58.11566
Bd1	48900000	48999999	53.61331
Bd1	49000000	49099999	54.67958
Bd1	49100000	49199999	50.71243
Bd1	49200000	49299999	43.87598
Bd1	49300000	49399999	56.36168
Bd1	49400000	49499999	52.33631
Bd1	49500000	49599999	52.9116
Bd1	49600000	49699999	46.58101
Bd1	49700000	49799999	46.02195
Bd1	49800000	49899999	52.54382
Bd1	49900000	49999999	52.31796
Bd1	50000000	50099999	56.9197
Bd1	50100000	50199999	49.34852
Bd1	50200000	50299999	53.7439
Bd1	50300000	50399999	56.8107
Bd1	50400000	50499999	55.71963
Bd1	50500000	50599999	53.78559
Bd1	50600000	50699999	55.20726
Bd1	50700000	50799999	51.93707
Bd1	50800000	50899999	58.11036
Bd1	50900000	50999999	56.41096
Bd1	51000000	51099999	54.67926
Bd1	51100000	51199999	54.15215
Bd1	51200000	51299999	54.67128
Bd1	51300000	51399999	24.86549
Bd1	51400000	51499999	37.26556
Bd1	51500000	51599999	43.78223
Bd1	51600000	51699999	58.0593
Bd1	51700000	51799999	54.16765
Bd1	51800000	51899999	51.87385
Bd1	51900000	51999999	54.01979
Bd1	52000000	52099999	56.28164
Bd1	52100000	52199999	49.12427
Bd1	52200000	52299999	52.35721
Bd1	52300000	52399999	45.94893
Bd1	52400000	52499999	53.63204
Bd1	52500000	52599999	54.97859
Bd1	52600000	52699999	49.18813
Bd1	52700000	52799999	57.78662
Bd1	52800000	52899999	57.83413
Bd1	52900000	52999999	58.47421
Bd1	53000000	53099999	52.85553
Bd1	53100000	53199999	53.37907
Bd1	53200000	53299999	51.50794
Bd1	53300000	53399999	52.95726
Bd1	53400000	53499999	53.19155
Bd1	53500000	53599999	56.86814
Bd1	53600000	53699999	53.95789
Bd1	53700000	53799999	51.22719
Bd1	53800000	53899999	56.20505
Bd1	53900000	53999999	55.16815
Bd1	54000000	54099999	52.95187
Bd1	54100000	54199999	53.91643
Bd1	54200000	54299999	54.7546
Bd1	54300000	54399999	55.88799
Bd1	54400000	54499999	54.32216
Bd1	54500000	54599999	52.13545
Bd1	54600000	54699999	42.16221
Bd1	54700000	54799999	46.37064
Bd1	54800000	54899999	40.40808
Bd1	54900000	54999999	52.70945
Bd1	55000000	55099999	51.51553
Bd1	55100000	55199999	45.53655
Bd1	55200000	55299999	38.91844
Bd1	55300000	55399999	53.8566
Bd1	55400000	55499999	50.72595
Bd1	55500000	55599999	54.56926
Bd1	55600000	55699999	50.04128
Bd1	55700000	55799999	50.22515
Bd1	55800000	55899999	54.68954
Bd1	55900000	55999999	50.1537
Bd1	56000000	56099999	54.9504
Bd1	56100000	56199999	47.46577
Bd1	56200000	56299999	37.74225
Bd1	56300000	56399999	42.47796
Bd1	56400000	56499999	53.66513
Bd1	56500000	56599999	54.77625
Bd1	56600000	56699999	55.42224
Bd1	56700000	56799999	50.49719
Bd1	56800000	56899999	49.43005
Bd1	56900000	56999999	51.99416
Bd1	57000000	57099999	42.10795
Bd1	57100000	57199999	53.86163
Bd1	57200000	57299999	48.18519
Bd1	57300000	57399999	56.63084
Bd1	57400000	57499999	53.84009
Bd1	57500000	57599999	48.81432
Bd1	57600000	57699999	48.65551
Bd1	57700000	57799999	50.53286
Bd1	57800000	57899999	43.74916
Bd1	57900000	57999999	38.16415
Bd1	58000000	58099999	50.46553
Bd1	58100000	58199999	54.2428
Bd1	58200000	58299999	52.75133
Bd1	58300000	58399999	55.62354
Bd1	58400000	58499999	54.87294
Bd1	58500000	58599999	53.33841
Bd1	58600000	58699999	51.87978
Bd1	58700000	58799999	54.22266
Bd1	58800000	58899999	49.01195
Bd1	58900000	58999999	59.4052
Bd1	59000000	59099999	47.68671
Bd1	59100000	59199999	39.62851
Bd1	59200000	59299999	37.84392
Bd1	59300000	59399999	33.85703
Bd1	59400000	59499999	34.43244
Bd1	59500000	59599999	56.2968
Bd1	59600000	59699999	40.83671
Bd1	59700000	59799999	51.53836
Bd1	59800000	59899999	53.27793
Bd1	59900000	59999999	54.50192
Bd1	60000000	60099999	56.42067
Bd1	60100000	60199999	54.57912
Bd1	60200000	60299999	51.45786
Bd1	60300000	60399999	57.40646
Bd1	60400000	60499999	59.41897
Bd1	60500000	60599999	55.90315
Bd1	60600000	60699999	56.34312
Bd1	60700000	60799999	52.99793
Bd1	60800000	60899999	46.98485
Bd1	60900000	60999999	52.06125
Bd1	61000000	61099999	55.65169
Bd1	61100000	61199999	55.92254
Bd1	61200000	61299999	57.32463
Bd1	61300000	61399999	56.5822
Bd1	61400000	61499999	56.27112
Bd1	61500000	61599999	55.15788
Bd1	61600000	61699999	55.28527
Bd1	61700000	61799999	58.047
Bd1	61800000	61899999	56.75551
Bd1	61900000	61999999	53.35403
Bd1	62000000	62099999	56.53626
Bd1	62100000	62199999	57.35815
Bd1	62200000	62299999	49.62973
Bd1	62300000	62399999	47.70515
Bd1	62400000	62499999	50.25188
Bd1	62500000	62599999	54.02963
Bd1	62600000	62699999	56.16222
Bd1	62700000	62799999	56.12562
Bd1	62800000	62899999	55.29407
Bd1	62900000	62999999	57.5433
Bd1	63000000	63099999	49.30827
Bd1	63100000	63199999	54.11365
Bd1	63200000	63299999	48.41079
Bd1	63300000	63399999	59.09095
Bd1	63400000	63499999	56.67087
Bd1	63500000	63599999	57.20157
Bd1	63600000	63699999	54.87516
Bd1	63700000	63799999	58.21668
Bd1	63800000	63899999	54.41032
Bd1	63900000	63999999	57.75173
Bd1	64000000	64099999	53.86474
Bd1	64100000	64199999	57.10921
Bd1	64200000	64299999	51.99016
Bd1	64300000	64399999	56.22815
Bd1	64400000	64499999	58.11886
Bd1	64500000	64599999	53.96351
Bd1	64600000	64699999	56.62055
Bd1	64700000	64799999	54.92544
Bd1	64800000	64899999	59.06154
Bd1	64900000	64999999	56.23395
Bd1	65000000	65099999	53.4702
Bd1	65100000	65199999	58.10887
Bd1	65200000	65299999	56.28713
Bd1	65300000	65399999	58.26488
Bd1	65400000	65499999	59.33793
Bd1	65500000	65599999	52.58916
Bd1	65600000	65699999	58.24245
Bd1	65700000	65799999	51.85515
Bd1	65800000	65899999	57.84292
Bd1	65900000	65999999	54.42626
Bd1	66000000	66099999	58.86153
Bd1	66100000	66199999	56.97862
Bd1	66200000	66299999	53.8418
Bd1	66300000	66399999	58.06261
Bd1	66400000	66499999	56.54204
Bd1	66500000	66599999	54.63645
Bd1	66600000	66699999	56.68012
Bd1	66700000	66799999	58.97081
Bd1	66800000	66899999	56.62238
Bd1	66900000	66999999	50.91058
Bd1	67000000	67099999	56.08451
Bd1	67100000	67199999	54.40005
Bd1	67200000	67299999	44.22013
Bd1	67300000	67399999	57.48665
Bd1	67400000	67499999	57.67622
Bd1	67500000	67599999	54.33241
Bd1	67600000	67699999	55.89776
Bd1	67700000	67799999	55.12695
Bd1	67800000	67899999	57.20425
Bd1	67900000	67999999	57.60169
Bd1	68000000	68099999	49.16626
Bd1	68100000	68199999	27.48744
Bd1	68200000	68299999	57.04543
Bd1	68300000	68399999	59.62536
Bd1	68400000	68499999	59.50819
Bd1	68500000	68599999	52.48447
Bd1	68600000	68699999	52.64614
Bd1	68700000	68799999	57.86767
Bd1	68800000	68899999	53.17629
Bd1	68900000	68999999	58.4221
Bd1	69000000	69099999	58.06613
Bd1	69100000	69199999	58.97276
Bd1	69200000	69299999	58.85842
Bd1	69300000	69399999	53.76548
Bd1	69400000	69499999	55.1665
Bd1	69500000	69599999	57.94886
Bd1	69600000	69699999	57.36589
Bd1	69700000	69799999	53.4821
Bd1	69800000	69899999	56.77315
Bd1	69900000	69999999	56.68595
Bd1	70000000	70099999	58.81245
Bd1	70100000	70199999	55.34119
Bd1	70200000	70299999	57.34913
Bd1	70300000	70399999	53.63183
Bd1	70400000	70499999	56.77854
Bd1	70500000	70599999	55.75373
Bd1	70600000	70699999	51.89391
Bd1	70700000	70799999	59.55787
Bd1	70800000	70899999	49.1349
Bd1	70900000	70999999	54.77363
Bd1	71000000	71099999	48.27733
Bd1	71100000	71199999	24.79117
Bd1	71200000	71299999	32.40143
Bd1	71300000	71399999	43.64479
Bd1	71400000	71499999	58.89318
Bd1	71500000	71599999	58.45633
Bd1	71600000	71699999	50.78682
Bd1	71700000	71799999	54.54346
Bd1	71800000	71899999	56.46478
Bd1	71900000	71999999	57.17225
Bd1	72000000	72099999	59.76024
Bd1	72100000	72199999	55.32729
Bd1	72200000	72299999	51.9452
Bd1	72300000	72399999	58.10199
Bd1	72400000	72499999	57.02586
Bd1	72500000	72599999	58.04204
Bd1	72600000	72699999	57.5819
Bd1	72700000	72799999	57.29719
Bd1	72800000	72899999	59.71345
Bd1	72900000	72999999	56.18647
Bd1	73000000	73099999	55.33076
Bd1	73100000	73199999	56.88248
Bd1	73200000	73299999	58.81139
Bd1	73300000	73399999	59.21602
Bd1	73400000	73499999	56.5958
Bd1	73500000	73599999	58.74249
Bd1	73600000	73699999	57.29128
Bd1	73700000	73799999	50.99567
Bd1	73800000	73899999	55.75498
Bd1	73900000	73999999	57.78219
Bd1	74000000	74099999	57.77121
Bd1	74100000	74199999	59.6371
Bd1	74200000	74299999	59.12177
Bd1	74300000	74399999	53.66467
Bd1	74400000	74499999	53.97925
Bd1	74500000	74599999	55.80046
Bd1	74600000	74699999	52.15092
Bd1	74700000	74799999	59.16775
Bd1	74800000	74899999	45.18321
Bd1	74900000	74999999	45.20548
Bd1	75000000	75099999	0
Bd2	0	99999	45.31726
Bd2	100000	199999	51.33766
Bd2	200000	299999	58.98262
Bd2	300000	399999	56.58175
Bd2	400000	499999	53.08636
Bd2	500000	599999	53.04059
Bd2	600000	699999	57.39843
Bd2	700000	799999	54.31984
Bd2	800000	899999	57.22686
Bd2	900000	999999	34.87688
Bd2	1000000	1099999	59.54777
Bd2	1100000	1199999	44.57955
Bd2	1200000	1299999	57.55214
Bd2	1300000	1399999	59.74599
Bd2	1400000	1499999	56.91934
Bd2	1500000	1599999	58.16848
Bd2	1600000	1699999	55.97141
Bd2	1700000	1799999	55.3604
Bd2	1800000	1899999	54.97938
Bd2	1900000	1999999	58.81839
Bd2	2000000	2099999	55.09306
Bd2	2100000	2199999	55.01419
Bd2	2200000	2299999	52.64572
Bd2	2300000	2399999	43.42339
Bd2	2400000	2499999	58.52075
Bd2	2500000	2599999	56.87365
Bd2	2600000	2699999	59.25385
Bd2	2700000	2799999	58.41782
Bd2	2800000	2899999	59.55038
Bd2	2900000	2999999	56.07284
Bd2	3000000	3099999	58.47999
Bd2	3100000	3199999	59.16616
Bd2	3200000	3299999	54.60576
Bd2	3300000	3399999	50.87353
Bd2	3400000	3499999	59.21767
Bd2	3500000	3599999	57.20956
Bd2	3600000	3699999	41.14563
Bd2	3700000	3799999	54.77476
Bd2	3800000	3899999	58.63245
Bd2	3900000	3999999	58.82876
Bd2	4000000	4099999	57.19678
Bd2	4100000	4199999	53.12692
Bd2	4200000	4299999	54.045
Bd2	4300000	4399999	59.37571
Bd2	4400000	4499999	57.00135
Bd2	4500000	4599999	53.84806
Bd2	4600000	4699999	57.38631
Bd2	4700000	4799999	51.73533
Bd2	4800000	4899999	46.93634
Bd2	4900000	4999999	58.58475
Bd2	5000000	5099999	53.49803
Bd2	5100000	5199999	55.40558
Bd2	5200000	5299999	56.86117
Bd2	5300000	5399999	58.03909
Bd2	5400000	5499999	55.41939
Bd2	5500000	5599999	54.0752
Bd2	5600000	5699999	53.48663
Bd2	5700000	5799999	56.4039
Bd2	5800000	5899999	58.78837
Bd2	5900000	5999999	50.35095
Bd2	6000000	6099999	54.55304
Bd2	6100000	6199999	58.35419
Bd2	6200000	6299999	46.98396
Bd2	6300000	6399999	50.852
Bd2	6400000	6499999	57.68599
Bd2	6500000	6599999	55.01265
Bd2	6600000	6699999	51.0312
Bd2	6700000	6799999	57.49699
Bd2	6800000	6899999	55.35051
Bd2	6900000	6999999	54.30106
Bd2	7000000	7099999	54.91353
Bd2	7100000	7199999	55.30053
Bd2	7200000	7299999	53.87986
Bd2	7300000	7399999	53.30601
Bd2	7400000	7499999	58.9273
Bd2	7500000	7599999	51.46673
Bd2	7600000	7699999	57.33942
Bd2	7700000	7799999	53.01443
Bd2	7800000	7899999	52.59244
Bd2	7900000	7999999	55.6021
Bd2	8000000	8099999	55.49357
Bd2	8100000	8199999	55.53859
Bd2	8200000	8299999	57.34374
Bd2	8300000	8399999	48.30705
Bd2	8400000	8499999	55.4823
Bd2	8500000	8599999	48.73455
Bd2	8600000	8699999	56.61188
Bd2	8700000	8799999	53.29648
Bd2	8800000	8899999	53.95077
Bd2	8900000	8999999	58.88103
Bd2	9000000	9099999	58.95878
Bd2	9100000	9199999	58.36945
Bd2	9200000	9299999	59.54925
Bd2	9300000	9399999	46.56979
Bd2	9400000	9499999	57.62307
Bd2	9500000	9599999	50.88696
Bd2	9600000	9699999	54.65992
Bd2	9700000	9799999	56.85382
Bd2	9800000	9899999	52.60388
Bd2	9900000	9999999	44.32586
Bd2	10000000	10099999	55.84814
Bd2	10100000	10199999	56.3712
Bd2	10200000	10299999	49.02949
Bd2	10300000	10399999	54.97677
Bd2	10400000	10499999	57.21037
Bd2	10500000	10599999	46.95251
Bd2	10600000	10699999	55.08015
Bd2	10700000	10799999	55.10815
Bd2	10800000	10899999	56.0841
Bd2	10900000	10999999	53.58813
Bd2	11000000	11099999	47.12244
Bd2	11100000	11199999	59.4601
Bd2	11200000	11299999	52.95525
Bd2	11300000	11399999	53.67647
Bd2	11400000	11499999	51.3035
Bd2	11500000	11599999	43.5105
Bd2	11600000	11699999	54.57383
Bd2	11700000	11799999	51.82316
Bd2	11800000	11899999	56.9689
Bd2	11900000	11999999	53.01285
Bd2	12000000	12099999	58.67386
Bd2	12100000	12199999	45.96094
Bd2	12200000	12299999	53.96631
Bd2	12300000	12399999	46.33839
Bd2	12400000	12499999	51.16598
Bd2	12500000	12599999	49.27602
Bd2	12600000	12699999	44.48673
Bd2	12700000	12799999	47.1097
Bd2	12800000	12899999	58.63697
Bd2	12900000	12999999	55.09966
Bd2	13000000	13099999	50.49385
Bd2	13100000	13199999	58.42334
Bd2	13200000	13299999	54.27789
Bd2	13300000	13399999	57.18158
Bd2	13400000	13499999	53.79044
Bd2	13500000	13599999	31.36587
Bd2	13600000	13699999	56.93285
Bd2	13700000	13799999	56.46566
Bd2	13800000	13899999	58.33532
Bd2	13900000	13999999	55.84227
Bd2	14000000	14099999	56.7366
Bd2	14100000	14199999	55.73631
Bd2	14200000	14299999	52.46903
Bd2	14300000	14399999	51.27503
Bd2	14400000	14499999	55.69257
Bd2	14500000	14599999	58.53325
Bd2	14600000	14699999	54.51095
Bd2	14700000	14799999	54.09211
Bd2	14800000	14899999	44.68658
Bd2	14900000	14999999	46.49826
Bd2	15000000	15099999	44.64293
Bd2	15100000	15199999	35.91371
Bd2	15200000	15299999	50.32972
Bd2	15300000	15399999	56.98592
Bd2	15400000	15499999	54.66668
Bd2	15500000	15599999	51.73983
Bd2	15600000	15699999	50.61388
Bd2	15700000	15799999	53.70937
Bd2	15800000	15899999	44.81824
Bd2	15900000	15999999	40.53896
Bd2	16000000	16099999	58.75404
Bd2	16100000	16199999	57.42833
Bd2	16200000	16299999	37.70953
Bd2	16300000	16399999	43.17235
Bd2	16400000	16499999	55.1744
Bd2	16500000	16599999	56.62394
Bd2	16600000	16699999	58.68641
Bd2	16700000	16799999	59.08869
Bd2	16800000	16899999	45.44847
Bd2	16900000	16999999	52.19517
Bd2	17000000	17099999	57.93637
Bd2	17100000	17199999	55.46045
Bd2	17200000	17299999	57.67103
Bd2	17300000	17399999	54.22577
Bd2	17400000	17499999	50.04466
Bd2	17500000	17599999	57.20272
Bd2	17600000	17699999	55.29368
Bd2	17700000	17799999	56.88119
Bd2	17800000	17899999	45.4534
Bd2	17900000	17999999	55.28194
Bd2	18000000	18099999	55.05924
Bd2	18100000	18199999	52.16919
Bd2	18200000	18299999	54.28867
Bd2	18300000	18399999	51.75875
Bd2	18400000	18499999	54.05382
Bd2	18500000	18599999	53.82401
Bd2	18600000	18699999	53.96644
Bd2	18700000	18799999	51.95053
Bd2	18800000	18899999	28.24818
Bd2	18900000	18999999	40.72703
Bd2	19000000	19099999	27.58088
Bd2	19100000	19199999	53.86202
Bd2	19200000	19299999	50.66646
Bd2	19300000	19399999	42.86827
Bd2	19400000	19499999	55.65429
Bd2	19500000	19599999	43.32178
Bd2	19600000	19699999	51.10977
Bd2	19700000	19799999	50.55284
Bd2	19800000	19899999	56.34827
Bd2	19900000	19999999	55.63371
Bd2	20000000	20099999	55.5066
Bd2	20100000	20199999	55.07487
Bd2	20200000	20299999	51.49681
Bd2	20300000	20399999	50.66236
Bd2	20400000	20499999	41.51202
Bd2	20500000	20599999	55.87437
Bd2	20600000	20699999	52.2953
Bd2	20700000	20799999	54.69435
Bd2	20800000	20899999	52.67311
Bd2	20900000	20999999	52.33851
Bd2	21000000	21099999	54.04211
Bd2	21100000	21199999	57.1318
Bd2	21200000	21299999	55.08033
Bd2	21300000	21399999	46.58918
Bd2	21400000	21499999	45.28236
Bd2	21500000	21599999	50.3308
Bd2	21600000	21699999	54.91505
Bd2	21700000	21799999	51.21713
Bd2	21800000	21899999	48.31532
Bd2	21900000	21999999	48.73609
Bd2	22000000	22099999	50.9759
Bd2	22100000	22199999	57.3693
Bd2	22200000	22299999	49.35672
Bd2	22300000	22399999	33.61002
Bd2	22400000	22499999	39.92516
Bd2	22500000	22599999	51.54018
Bd2	22600000	22699999	55.18048
Bd2	22700000	22799999	58.17501
Bd2	22800000	22899999	51.33821
Bd2	22900000	22999999	46.37668
Bd2	23000000	23099999	52.07368
Bd2	23100000	23199999	46.8298
Bd2	23200000	23299999	54.7998
Bd2	23300000	23399999	46.13689
Bd2	23400000	23499999	55.76712
Bd2	23500000	23599999	53.60901
Bd2	23600000	23699999	54.47979
Bd2	23700000	23799999	46.79513
Bd2	23800000	23899999	48.62488
Bd2	23900000	23999999	46.80491
Bd2	24000000	24099999	50.80432
Bd2	24100000	24199999	46.73304
Bd2	24200000	24299999	50.88571
Bd2	24300000	24399999	47.68569
Bd2	24400000	24499999	40.54969
Bd2	24500000	24599999	52.94129
Bd2	24600000	24699999	51.03639
Bd2	24700000	24799999	45.36088
Bd2	24800000	24899999	46.35179
Bd2	24900000	24999999	43.33193
Bd2	25000000	25099999	43.70908
Bd2	25100000	25199999	47.41759
Bd2	25200000	25299999	53.99717
Bd2	25300000	25399999	53.20539
Bd2	25400000	25499999	53.10254
Bd2	25500000	25599999	50.22719
Bd2	25600000	25699999	56.06563
Bd2	25700000	25799999	58.47902
Bd2	25800000	25899999	49.82802
Bd2	25900000	25999999	51.71785
Bd2	26000000	26099999	51.44711
Bd2	26100000	26199999	46.48253
Bd2	26200000	26299999	53.64453
Bd2	26300000	26399999	31.11351
Bd2	26400000	26499999	45.07771
Bd2	26500000	26599999	52.36254
Bd2	26600000	26699999	47.16278
Bd2	26700000	26799999	47.45801
Bd2	26800000	26899999	42.94924
Bd2	26900000	26999999	51.70185
Bd2	27000000	27099999	48.28874
Bd2	27100000	27199999	52.5154
Bd2	27200000	27299999	56.63492
Bd2	27300000	27399999	48.44201
Bd2	27400000	27499999	43.18843
Bd2	27500000	27599999	41.60234
Bd2	27600000	27699999	46.21627
Bd2	27700000	27799999	52.898
Bd2	27800000	27899999	41.66506
Bd2	27900000	27999999	38.28026
Bd2	28000000	28099999	31.66519
Bd2	28100000	28199999	33.34924
Bd2	28200000	28299999	44.58652
Bd2	28300000	28399999	37.74756
Bd2	28400000	28499999	30.08535
Bd2	28500000	28599999	33.62773
Bd2	28600000	28699999	31.18445
Bd2	28700000	28799999	28.86061
Bd2	28800000	28899999	0.16914
Bd2	28900000	28999999	30.1046
Bd2	29000000	29099999	21.13506
Bd2	29100000	29199999	30.68893
Bd2	29200000	29299999	36.42997
Bd2	29300000	29399999	33.63869
Bd2	29400000	29499999	35.446
Bd2	29500000	29599999	34.87699
Bd2	29600000	29699999	30.26643
Bd2	29700000	29799999	40.79838
Bd2	29800000	29899999	52.79922
Bd2	29900000	29999999	44.99544
Bd2	30000000	30099999	31.77101
Bd2	30100000	30199999	45.89624
Bd2	30200000	30299999	41.02824
Bd2	30300000	30399999	37.40436
Bd2	30400000	30499999	32.37972
Bd2	30500000	30599999	48.12239
Bd2	30600000	30699999	28.67731
Bd2	30700000	30799999	50.69007
Bd2	30800000	30899999	44.67524
Bd2	30900000	30999999	49.35168
Bd2	31000000	31099999	47.88129
Bd2	31100000	31199999	52.55168
Bd2	31200000	31299999	43.62895
Bd2	31300000	31399999	49.83909
Bd2	31400000	31499999	49.34801
Bd2	31500000	31599999	50.99389
Bd2	31600000	31699999	41.94486
Bd2	31700000	31799999	51.22145
Bd2	31800000	31899999	44.09349
Bd2	31900000	31999999	47.4481
Bd2	32000000	32099999	51.47832
Bd2	32100000	32199999	42.89363
Bd2	32200000	32299999	51.97481
Bd2	32300000	32399999	42.49596
Bd2	32400000	32499999	44.90353
Bd2	32500000	32599999	44.33545
Bd2	32600000	32699999	41.18122
Bd2	32700000	32799999	43.26355
Bd2	32800000	32899999	53.40923
Bd2	32900000	32999999	53.60126
Bd2	33000000	33099999	49.4637
Bd2	33100000	33199999	52.74734
Bd2	33200000	33299999	52.33043
Bd2	33300000	33399999	57.06042
Bd2	33400000	33499999	54.90167
Bd2	33500000	33599999	53.36308
Bd2	33600000	33699999	36.77554
Bd2	33700000	33799999	49.66163
Bd2	33800000	33899999	55.44519
Bd2	33900000	33999999	52.51965
Bd2	34000000	34099999	57.49785
Bd2	34100000	34199999	50.89388
Bd2	34200000	34299999	53.68073
Bd2	34300000	34399999	55.71907
Bd2	34400000	34499999	56.55945
Bd2	34500000	34599999	53.82153
Bd2	34600000	34699999	56.13144
Bd2	34700000	34799999	58.1018
Bd2	34800000	34899999	50.06641
Bd2	34900000	34999999	57.20747
Bd2	35000000	35099999	51.84098
Bd2	35100000	35199999	42.206
Bd2	35200000	35299999	47.25296
Bd2	35300000	35399999	42.17842
Bd2	35400000	35499999	48.08279
Bd2	35500000	35599999	50.88859
Bd2	35600000	35699999	46.57352
Bd2	35700000	35799999	50.08743
Bd2	35800000	35899999	56.31318
Bd2	35900000	35999999	55.26353
Bd2	36000000	36099999	55.87803
Bd2	36100000	36199999	52.70614
Bd2	36200000	36299999	48.65692
Bd2	36300000	36399999	44.64009
Bd2	36400000	36499999	59.24022
Bd2	36500000	36599999	55.95328
Bd2	36600000	36699999	51.17598
Bd2	36700000	36799999	53.70929
Bd2	36800000	36899999	53.55502
Bd2	36900000	36999999	50.02437
Bd2	37000000	37099999	55.532
Bd2	37100000	37199999	53.34632
Bd2	37200000	37299999	52.97149
Bd2	37300000	37399999	56.1089
Bd2	37400000	37499999	52.94565
Bd2	37500000	37599999	56.77582
Bd2	37600000	37699999	50.60672
Bd2	37700000	37799999	55.11588
Bd2	37800000	37899999	55.38491
Bd2	37900000	37999999	52.4586
Bd2	38000000	38099999	58.33193
Bd2	38100000	38199999	43.99329
Bd2	38200000	38299999	54.17407
Bd2	38300000	38399999	58.44987
Bd2	38400000	38499999	55.89655
Bd2	38500000	38599999	56.50277
Bd2	38600000	38699999	52.49939
Bd2	38700000	38799999	56.57472
Bd2	38800000	38899999	55.55343
Bd2	38900000	38999999	51.39457
Bd2	39000000	39099999	51.28117
Bd2	39100000	39199999	51.80566
Bd2	39200000	39299999	52.04374
Bd2	39300000	39399999	36.54642
Bd2	39400000	39499999	41.93815
Bd2	39500000	39599999	55.36662
Bd2	39600000	39699999	59.05863
Bd2	39700000	39799999	56.86055
Bd2	39800000	39899999	46.17459
Bd2	39900000	39999999	29.42106
Bd2	40000000	40099999	30.72327
Bd2	40100000	40199999	38.77484
Bd2	40200000	40299999	38.86678
Bd2	40300000	40399999	55.40082
Bd2	40400000	40499999	44.08635
Bd2	40500000	40599999	49.91072
Bd2	40600000	40699999	47.38265
Bd2	40700000	40799999	57.00214
Bd2	40800000	40899999	56.77603
Bd2	40900000	40999999	56.37611
Bd2	41000000	41099999	57.68066
Bd2	41100000	41199999	56.30799
Bd2	41200000	41299999	57.37076
Bd2	41300000	41399999	48.11081
Bd2	41400000	41499999	54.47005
Bd2	41500000	41599999	52.89608
Bd2	41600000	41699999	38.22132
Bd2	41700000	41799999	50.32704
Bd2	41800000	41899999	58.47097
Bd2	41900000	41999999	53.02929
Bd2	42000000	42099999	53.5341
Bd2	42100000	42199999	54.59941
Bd2	42200000	42299999	56.52883
Bd2	42300000	42399999	54.23678
Bd2	42400000	42499999	53.20787
Bd2	42500000	42599999	50.40235
Bd2	42600000	42699999	47.52295
Bd2	42700000	42799999	57.26053
Bd2	42800000	42899999	50.35796
Bd2	42900000	42999999	53.7373
Bd2	43000000	43099999	54.20772
Bd2	43100000	43199999	47.71579
Bd2	43200000	43299999	56.22508
Bd2	43300000	43399999	56.11685
Bd2	43400000	43499999	53.86596
Bd2	43500000	43599999	52.88303
Bd2	43600000	43699999	52.03292
Bd2	43700000	43799999	54.33231
Bd2	43800000	43899999	57.25133
Bd2	43900000	43999999	53.30725
Bd2	44000000	44099999	57.76227
Bd2	44100000	44199999	54.67896
Bd2	44200000	44299999	56.74655
Bd2	44300000	44399999	55.43923
Bd2	44400000	44499999	52.54515
Bd2	44500000	44599999	51.63362
Bd2	44600000	44699999	58.19527
Bd2	44700000	44799999	54.20013
Bd2	44800000	44899999	27.94644
Bd2	44900000	44999999	45.67258
Bd2	45000000	45099999	56.69733
Bd2	45100000	45199999	56.44717
Bd2	45200000	45299999	58.49167
Bd2	45300000	45399999	57.66179
Bd2	45400000	45499999	52.06444
Bd2	45500000	45599999	59.25497
Bd2	45600000	45699999	51.74226
Bd2	45700000	45799999	55.27826
Bd2	45800000	45899999	44.20897
Bd2	45900000	45999999	53.64894
Bd2	46000000	46099999	58.81429
Bd2	46100000	46199999	46.85019
Bd2	46200000	46299999	57.13401
Bd2	46300000	46399999	53.59778
Bd2	46400000	46499999	58.21899
Bd2	46500000	46599999	45.11007
Bd2	46600000	46699999	58.08127
Bd2	46700000	46799999	59.4078
Bd2	46800000	46899999	58.38445
Bd2	46900000	46999999	54.40749
Bd2	47000000	47099999	56.61073
Bd2	47100000	47199999	55.86216
Bd2	47200000	47299999	50.29853
Bd2	47300000	47399999	58.24218
Bd2	47400000	47499999	54.5131
Bd2	47500000	47599999	54.95039
Bd2	47600000	47699999	39.82468
Bd2	47700000	47799999	55.82394
Bd2	47800000	47899999	57.84324
Bd2	47900000	47999999	56.46514
Bd2	48000000	48099999	54.70983
Bd2	48100000	48199999	57.15484
Bd2	48200000	48299999	56.3325
Bd2	48300000	48399999	54.27911
Bd2	48400000	48499999	53.43266
Bd2	48500000	48599999	52.53829
Bd2	48600000	48699999	50.88802
Bd2	48700000	48799999	55.70306
Bd2	48800000	48899999	55.40859
Bd2	48900000	48999999	55.33785
Bd2	49000000	49099999	57.82192
Bd2	49100000	49199999	55.83812
Bd2	49200000	49299999	49.94473
Bd2	49300000	49399999	57.39415
Bd2	49400000	49499999	58.50167
Bd2	49500000	49599999	53.05321
Bd2	49600000	49699999	56.78583
Bd2	49700000	49799999	57.78415
Bd2	49800000	49899999	56.53754
Bd2	49900000	49999999	58.87839
Bd2	50000000	50099999	53.11407
Bd2	50100000	50199999	58.67367
Bd2	50200000	50299999	55.74007
Bd2	50300000	50399999	56.4258
Bd2	50400000	50499999	58.64385
Bd2	50500000	50599999	56.19752
Bd2	50600000	50699999	50.72083
Bd2	50700000	50799999	58.46863
Bd2	50800000	50899999	58.1029
Bd2	50900000	50999999	59.53839
Bd2	51000000	51099999	58.72421
Bd2	51100000	51199999	57.32193
Bd2	51200000	51299999	55.55658
Bd2	51300000	51399999	57.07764
Bd2	51400000	51499999	58.76016
Bd2	51500000	51599999	56.43569
Bd2	51600000	51699999	56.20467
Bd2	51700000	51799999	56.67658
Bd2	51800000	51899999	55.3665
Bd2	51900000	51999999	59.29992
Bd2	52000000	52099999	58.83587
Bd2	52100000	52199999	56.64902
Bd2	52200000	52299999	56.81135
Bd2	52300000	52399999	55.59001
Bd2	52400000	52499999	54.71543
Bd2	52500000	52599999	57.21932
Bd2	52600000	52699999	55.86508
Bd2	52700000	52799999	58.81794
Bd2	52800000	52899999	58.6183
Bd2	52900000	52999999	59.05669
Bd2	53000000	53099999	50.67289
Bd2	53100000	53199999	56.03543
Bd2	53200000	53299999	57.70498
Bd2	53300000	53399999	55.64436
Bd2	53400000	53499999	58.82158
Bd2	53500000	53599999	58.64211
Bd2	53600000	53699999	59.60823
Bd2	53700000	53799999	58.95375
Bd2	53800000	53899999	59.5661
Bd2	53900000	53999999	58.0696
Bd2	54000000	54099999	55.19162
Bd2	54100000	54199999	53.78536
Bd2	54200000	54299999	58.48181
Bd2	54300000	54399999	54.65481
Bd2	54400000	54499999	57.88962
Bd2	54500000	54599999	49.09298
Bd2	54600000	54699999	59.46302
Bd2	54700000	54799999	59.41399
Bd2	54800000	54899999	55.04921
Bd2	54900000	54999999	56.1542
Bd2	55000000	55099999	44.7493
Bd2	55100000	55199999	53.93401
Bd2	55200000	55299999	55.89662
Bd2	55300000	55399999	54.16244
Bd2	55400000	55499999	57.72444
Bd2	55500000	55599999	59.1411
Bd2	55600000	55699999	57.6792
Bd2	55700000	55799999	55.00409
Bd2	55800000	55899999	55.74846
Bd2	55900000	55999999	59.08558
Bd2	56000000	56099999	58.50953
Bd2	56100000	56199999	55.99808
Bd2	56200000	56299999	59.35176
Bd2	56300000	56399999	53.70991
Bd2	56400000	56499999	56.15313
Bd2	56500000	56599999	57.28488
Bd2	56600000	56699999	58.66081
Bd2	56700000	56799999	57.64296
Bd2	56800000	56899999	59.56858
Bd2	56900000	56999999	58.65201
Bd2	57000000	57099999	57.88253
Bd2	57100000	57199999	54.50416
Bd2	57200000	57299999	59.43156
Bd2	57300000	57399999	58.19243
Bd2	57400000	57499999	58.14997
Bd2	57500000	57599999	59.22356
Bd2	57600000	57699999	57.4367
Bd2	57700000	57799999	57.73553
Bd2	57800000	57899999	57.52617
Bd2	57900000	57999999	56.77285
Bd2	58000000	58099999	57.53298
Bd2	58100000	58199999	54.75757
Bd2	58200000	58299999	58.71721
Bd2	58300000	58399999	58.76882
Bd2	58400000	58499999	54.96813
Bd2	58500000	58599999	56.74019
Bd2	58600000	58699999	58.18837
Bd2	58700000	58799999	57.78159
Bd2	58800000	58899999	53.61047
Bd2	58900000	58999999	54.31531
Bd2	59000000	59099999	56.66597
Bd2	59100000	59199999	0
Bd3	0	99999	46.76005
Bd3	100000	199999	49.34456
Bd3	200000	299999	42.3425
Bd3	300000	399999	56.43022
Bd3	400000	499999	57.76543
Bd3	500000	599999	55.35261
Bd3	600000	699999	55.89431
Bd3	700000	799999	55.87172
Bd3	800000	899999	57.46219
Bd3	900000	999999	59.55318
Bd3	1000000	1099999	57.12714
Bd3	1100000	1199999	59.36204
Bd3	1200000	1299999	54.82444
Bd3	1300000	1399999	57.23899
Bd3	1400000	1499999	57.51018
Bd3	1500000	1599999	56.02538
Bd3	1600000	1699999	57.59596
Bd3	1700000	1799999	57.63706
Bd3	1800000	1899999	58.52522
Bd3	1900000	1999999	59.08493
Bd3	2000000	2099999	56.7233
Bd3	2100000	2199999	58.21709
Bd3	2200000	2299999	58.79914
Bd3	2300000	2399999	52.38549
Bd3	2400000	2499999	57.30279
Bd3	2500000	2599999	54.85605
Bd3	2600000	2699999	54.39931
Bd3	2700000	2799999	56.62698
Bd3	2800000	2899999	52.73572
Bd3	2900000	2999999	55.11404
Bd3	3000000	3099999	57.77256
Bd3	3100000	3199999	56.23545
Bd3	3200000	3299999	53.13837
Bd3	3300000	3399999	56.82692
Bd3	3400000	3499999	56.09188
Bd3	3500000	3599999	57.51794
Bd3	3600000	3699999	51.329
Bd3	3700000	3799999	52.54664
Bd3	3800000	3899999	54.65572
Bd3	3900000	3999999	56.05224
Bd3	4000000	4099999	56.99389
Bd3	4100000	4199999	57.78074
Bd3	4200000	4299999	53.66505
Bd3	4300000	4399999	57.20302
Bd3	4400000	4499999	59.09369
Bd3	4500000	4599999	52.99318
Bd3	4600000	4699999	50.11449
Bd3	4700000	4799999	57.17361
Bd3	4800000	4899999	55.46712
Bd3	4900000	4999999	54.09332
Bd3	5000000	5099999	56.091
Bd3	5100000	5199999	57.58993
Bd3	5200000	5299999	57.23952
Bd3	5300000	5399999	59.16692
Bd3	5400000	5499999	55.29488
Bd3	5500000	5599999	49.69716
Bd3	5600000	5699999	51.91816
Bd3	5700000	5799999	54.40319
Bd3	5800000	5899999	54.92072
Bd3	5900000	5999999	48.92375
Bd3	6000000	6099999	58.56372
Bd3	6100000	6199999	52.27042
Bd3	6200000	6299999	55.7888
Bd3	6300000	6399999	57.88894
Bd3	6400000	6499999	57.36405
Bd3	6500000	6599999	53.36454
Bd3	6600000	6699999	55.27467
Bd3	6700000	6799999	55.3945
Bd3	6800000	6899999	58.95412
Bd3	6900000	6999999	57.57033
Bd3	7000000	7099999	56.93344
Bd3	7100000	7199999	54.1789
Bd3	7200000	7299999	53.68145
Bd3	7300000	7399999	54.06126
Bd3	7400000	7499999	55.14515
Bd3	7500000	7599999	55.83475
Bd3	7600000	7699999	55.33147
Bd3	7700000	7799999	50.72385
Bd3	7800000	7899999	54.83652
Bd3	7900000	7999999	57.68726
Bd3	8000000	8099999	57.38173
Bd3	8100000	8199999	55.94717
Bd3	8200000	8299999	56.67844
Bd3	8300000	8399999	56.29017
Bd3	8400000	8499999	49.01074
Bd3	8500000	8599999	56.67983
Bd3	8600000	8699999	48.51572
Bd3	8700000	8799999	50.7085
Bd3	8800000	8899999	54.12128
Bd3	8900000	8999999	58.42297
Bd3	9000000	9099999	53.03952
Bd3	9100000	9199999	54.03538
Bd3	9200000	9299999	54.95076
Bd3	9300000	9399999	45.61432
Bd3	9400000	9499999	41.21687
Bd3	9500000	9599999	57.67549
Bd3	9600000	9699999	55.60464
Bd3	9700000	9799999	54.88723
Bd3	9800000	9899999	55.34858
Bd3	9900000	9999999	46.12795
Bd3	10000000	10099999	48.35423
Bd3	10100000	10199999	40.60191
Bd3	10200000	10299999	41.34273
Bd3	10300000	10399999	28.37287
Bd3	10400000	10499999	35.35347
Bd3	10500000	10599999	36.41049
Bd3	10600000	10699999	32.79752
Bd3	10700000	10799999	42.72044
Bd3	10800000	10899999	33.52466
Bd3	10900000	10999999	41.74489
Bd3	11000000	11099999	26.33536
Bd3	11100000	11199999	42.94081
Bd3	11200000	11299999	47.9359
Bd3	11300000	11399999	47.40479
Bd3	11400000	11499999	53.55506
Bd3	11500000	11599999	53.59154
Bd3	11600000	11699999	57.67568
Bd3	11700000	11799999	58.72378
Bd3	11800000	11899999	59.80246
Bd3	11900000	11999999	49.8098
Bd3	12000000	12099999	44.21136
Bd3	12100000	12199999	57.78694
Bd3	12200000	12299999	53.92743
Bd3	12300000	12399999	58.99201
Bd3	12400000	12499999	52.28647
Bd3	12500000	12599999	52.21725
Bd3	12600000	12699999	55.43162
Bd3	12700000	12799999	54.8612
Bd3	12800000	12899999	49.49204
Bd3	12900000	12999999	59.37181
Bd3	13000000	13099999	48.55091
Bd3	13100000	13199999	55.4051
Bd3	13200000	13299999	58.44945
Bd3	13300000	13399999	55.90243
Bd3	13400000	13499999	45.93179
Bd3	13500000	13599999	53.03886
Bd3	13600000	13699999	46.49123
Bd3	13700000	13799999	52.27547
Bd3	13800000	13899999	58.18923
Bd3	13900000	13999999	54.33944
Bd3	14000000	14099999	54.27898
Bd3	14100000	14199999	58.50332
Bd3	14200000	14299999	56.05433
Bd3	14300000	14399999	51.23589
Bd3	14400000	14499999	59.41329
Bd3	14500000	14599999	51.27111
Bd3	14600000	14699999	58.71752
Bd3	14700000	14799999	49.69028
Bd3	14800000	14899999	56.47458
Bd3	14900000	14999999	55.28764
Bd3	15000000	15099999	53.67813
Bd3	15100000	15199999	59.40473
Bd3	15200000	15299999	54.711
Bd3	15300000	15399999	39.83594
Bd3	15400000	15499999	47.60583
Bd3	15500000	15599999	41.75378
Bd3	15600000	15699999	41.34856
Bd3	15700000	15799999	53.99567
Bd3	15800000	15899999	50.06236
Bd3	15900000	15999999	39.22574
Bd3	16000000	16099999	52.97792
Bd3	16100000	16199999	53.23583
Bd3	16200000	16299999	49.29614
Bd3	16300000	16399999	54.09141
Bd3	16400000	16499999	44.23102
Bd3	16500000	16599999	44.99574
Bd3	16600000	16699999	48.33197
Bd3	16700000	16799999	42.36516
Bd3	16800000	16899999	44.96877
Bd3	16900000	16999999	49.09974
Bd3	17000000	17099999	41.25919
Bd3	17100000	17199999	49.12298
Bd3	17200000	17299999	49.89194
Bd3	17300000	17399999	52.08498
Bd3	17400000	17499999	51.53096
Bd3	17500000	17599999	54.21696
Bd3	17600000	17699999	51.5118
Bd3	17700000	17799999	57.20447
Bd3	17800000	17899999	54.96685
Bd3	17900000	17999999	52.37141
Bd3	18000000	18099999	37.16476
Bd3	18100000	18199999	49.84531
Bd3	18200000	18299999	49.9739
Bd3	18300000	18399999	52.01281
Bd3	18400000	18499999	41.35361
Bd3	18500000	18599999	52.65499
Bd3	18600000	18699999	48.4019
Bd3	18700000	18799999	50.86953
Bd3	18800000	18899999	51.15358
Bd3	18900000	18999999	55.60116
Bd3	19000000	19099999	55.62576
Bd3	19100000	19199999	58.43093
Bd3	19200000	19299999	51.47474
Bd3	19300000	19399999	50.30387
Bd3	19400000	19499999	45.78393
Bd3	19500000	19599999	54.62368
Bd3	19600000	19699999	49.78985
Bd3	19700000	19799999	53.0533
Bd3	19800000	19899999	51.55794
Bd3	19900000	19999999	55.36804
Bd3	20000000	20099999	53.58725
Bd3	20100000	20199999	54.41234
Bd3	20200000	20299999	47.31612
Bd3	20300000	20399999	49.70779
Bd3	20400000	20499999	53.3662
Bd3	20500000	20599999	54.11797
Bd3	20600000	20699999	55.65937
Bd3	20700000	20799999	51.6627
Bd3	20800000	20899999	55.4887
Bd3	20900000	20999999	44.66705
Bd3	21000000	21099999	35.52143
Bd3	21100000	21199999	52.12463
Bd3	21200000	21299999	52.2292
Bd3	21300000	21399999	46.73751
Bd3	21400000	21499999	55.89335
Bd3	21500000	21599999	56.50947
Bd3	21600000	21699999	50.68492
Bd3	21700000	21799999	49.57756
Bd3	21800000	21899999	55.88812
Bd3	21900000	21999999	53.50611
Bd3	22000000	22099999	53.15415
Bd3	22100000	22199999	58.22708
Bd3	22200000	22299999	50.63786
Bd3	22300000	22399999	52.10808
Bd3	22400000	22499999	51.51555
Bd3	22500000	22599999	11.27928
Bd3	22600000	22699999	46.29096
Bd3	22700000	22799999	46.91752
Bd3	22800000	22899999	52.88366
Bd3	22900000	22999999	45.35886
Bd3	23000000	23099999	44.06016
Bd3	23100000	23199999	45.44429
Bd3	23200000	23299999	32.49214
Bd3	23300000	23399999	43.80984
Bd3	23400000	23499999	38.94297
Bd3	23500000	23599999	38.87285
Bd3	23600000	23699999	42.22674
Bd3	23700000	23799999	37.41518
Bd3	23800000	23899999	39.86982
Bd3	23900000	23999999	31.58475
Bd3	24000000	24099999	41.88765
Bd3	24100000	24199999	41.33781
Bd3	24200000	24299999	43.42842
Bd3	24300000	24399999	48.79909
Bd3	24400000	24499999	48.10434
Bd3	24500000	24599999	38.3652
Bd3	24600000	24699999	41.61012
Bd3	24700000	24799999	41.10476
Bd3	24800000	24899999	45.00766
Bd3	24900000	24999999	41.48451
Bd3	25000000	25099999	34.04621
Bd3	25100000	25199999	44.24136
Bd3	25200000	25299999	6.14304
Bd3	25300000	25399999	4.23853
Bd3	25400000	25499999	32.47489
Bd3	25500000	25599999	34.32374
Bd3	25600000	25699999	45.19308
Bd3	25700000	25799999	36.07861
Bd3	25800000	25899999	38.92677
Bd3	25900000	25999999	42.56906
Bd3	26000000	26099999	45.34078
Bd3	26100000	26199999	37.66369
Bd3	26200000	26299999	42.3618
Bd3	26300000	26399999	40.22672
Bd3	26400000	26499999	38.37499
Bd3	26500000	26599999	45.03946
Bd3	26600000	26699999	44.33798
Bd3	26700000	26799999	41.35946
Bd3	26800000	26899999	47.14968
Bd3	26900000	26999999	36.18125
Bd3	27000000	27099999	47.94214
Bd3	27100000	27199999	48.37225
Bd3	27200000	27299999	52.65482
Bd3	27300000	27399999	51.15048
Bd3	27400000	27499999	55.94736
Bd3	27500000	27599999	48.75475
Bd3	27600000	27699999	44.21365
Bd3	27700000	27799999	49.29149
Bd3	27800000	27899999	49.57283
Bd3	27900000	27999999	44.27424
Bd3	28000000	28099999	30.68669
Bd3	28100000	28199999	53.08607
Bd3	28200000	28299999	46.06704
Bd3	28300000	28399999	54.3665
Bd3	28400000	28499999	48.33003
Bd3	28500000	28599999	45.70773
Bd3	28600000	28699999	48.56326
Bd3	28700000	28799999	50.65619
Bd3	28800000	28899999	56.73257
Bd3	28900000	28999999	50.9391
Bd3	29000000	29099999	46.27745
Bd3	29100000	29199999	48.75349
Bd3	29200000	29299999	53.22003
Bd3	29300000	29399999	52.90839
Bd3	29400000	29499999	52.69127
Bd3	29500000	29599999	52.31851
Bd3	29600000	29699999	52.02598
Bd3	29700000	29799999	52.29534
Bd3	29800000	29899999	56.38699
Bd3	29900000	29999999	49.16788
Bd3	30000000	30099999	45.74512
Bd3	30100000	30199999	43.99347
Bd3	30200000	30299999	43.10015
Bd3	30300000	30399999	45.59131
Bd3	30400000	30499999	57.87964
Bd3	30500000	30599999	48.92837
Bd3	30600000	30699999	46.88771
Bd3	30700000	30799999	51.76165
Bd3	30800000	30899999	52.95418
Bd3	30900000	30999999	46.51914
Bd3	31000000	31099999	43.6394
Bd3	31100000	31199999	51.87661
Bd3	31200000	31299999	56.25357
Bd3	31300000	31399999	48.32837
Bd3	31400000	31499999	51.25002
Bd3	31500000	31599999	54.46201
Bd3	31600000	31699999	56.25384
Bd3	31700000	31799999	57.0472
Bd3	31800000	31899999	50.68238
Bd3	31900000	31999999	52.34766
Bd3	32000000	32099999	53.97335
Bd3	32100000	32199999	43.67492
Bd3	32200000	32299999	47.61174
Bd3	32300000	32399999	53.14151
Bd3	32400000	32499999	56.96856
Bd3	32500000	32599999	50.6491
Bd3	32600000	32699999	55.14191
Bd3	32700000	32799999	48.36385
Bd3	32800000	32899999	55.02663
Bd3	32900000	32999999	41.77409
Bd3	33000000	33099999	44.68676
Bd3	33100000	33199999	28.1132
Bd3	33200000	33299999	47.77073
Bd3	33300000	33399999	44.84671
Bd3	33400000	33499999	40.38716
Bd3	33500000	33599999	52.53461
Bd3	33600000	33699999	48.64175
Bd3	33700000	33799999	53.71997
Bd3	33800000	33899999	50.59727
Bd3	33900000	33999999	57.05196
Bd3	34000000	34099999	39.45328
Bd3	34100000	34199999	50.26941
Bd3	34200000	34299999	51.74472
Bd3	34300000	34399999	41.74799
Bd3	34400000	34499999	53.76306
Bd3	34500000	34599999	53.71673
Bd3	34600000	34699999	51.70211
Bd3	34700000	34799999	46.56427
Bd3	34800000	34899999	46.28477
Bd3	34900000	34999999	55.59736
Bd3	35000000	35099999	48.93332
Bd3	35100000	35199999	54.98719
Bd3	35200000	35299999	58.42076
Bd3	35300000	35399999	51.88288
Bd3	35400000	35499999	53.12683
Bd3	35500000	35599999	52.22446
Bd3	35600000	35699999	56.16069
Bd3	35700000	35799999	51.9181
Bd3	35800000	35899999	51.64151
Bd3	35900000	35999999	48.69462
Bd3	36000000	36099999	57.88475
Bd3	36100000	36199999	56.48134
Bd3	36200000	36299999	56.56026
Bd3	36300000	36399999	54.30124
Bd3	36400000	36499999	51.97694
Bd3	36500000	36599999	55.11528
Bd3	36600000	36699999	56.82585
Bd3	36700000	36799999	56.18658
Bd3	36800000	36899999	54.76585
Bd3	36900000	36999999	55.36586
Bd3	37000000	37099999	53.72686
Bd3	37100000	37199999	54.49668
Bd3	37200000	37299999	57.35351
Bd3	37300000	37399999	57.85611
Bd3	37400000	37499999	53.79629
Bd3	37500000	37599999	53.67904
Bd3	37600000	37699999	50.4835
Bd3	37700000	37799999	55.19682
Bd3	37800000	37899999	54.47578
Bd3	37900000	37999999	45.96398
Bd3	38000000	38099999	53.35416
Bd3	38100000	38199999	48.17568
Bd3	38200000	38299999	54.73969
Bd3	38300000	38399999	45.69774
Bd3	38400000	38499999	48.3966
Bd3	38500000	38599999	55.0326
Bd3	38600000	38699999	48.72645
Bd3	38700000	38799999	51.21183
Bd3	38800000	38899999	55.86182
Bd3	38900000	38999999	55.68046
Bd3	39000000	39099999	57.82591
Bd3	39100000	39199999	54.18731
Bd3	39200000	39299999	52.73171
Bd3	39300000	39399999	49.31805
Bd3	39400000	39499999	45.85173
Bd3	39500000	39599999	41.00872
Bd3	39600000	39699999	42.65408
Bd3	39700000	39799999	55.36901
Bd3	39800000	39899999	51.89289
Bd3	39900000	39999999	45.06826
Bd3	40000000	40099999	57.70871
Bd3	40100000	40199999	52.73321
Bd3	40200000	40299999	51.786
Bd3	40300000	40399999	55.77505
Bd3	40400000	40499999	45.93153
Bd3	40500000	40599999	52.32244
Bd3	40600000	40699999	56.03866
Bd3	40700000	40799999	58.54432
Bd3	40800000	40899999	53.58432
Bd3	40900000	40999999	57.46239
Bd3	41000000	41099999	56.35584
Bd3	41100000	41199999	57.99606
Bd3	41200000	41299999	57.40847
Bd3	41300000	41399999	56.84508
Bd3	41400000	41499999	57.42952
Bd3	41500000	41599999	57.3717
Bd3	41600000	41699999	56.07136
Bd3	41700000	41799999	54.73464
Bd3	41800000	41899999	51.99464
Bd3	41900000	41999999	52.0688
Bd3	42000000	42099999	55.91461
Bd3	42100000	42199999	54.24153
Bd3	42200000	42299999	57.60716
Bd3	42300000	42399999	51.27046
Bd3	42400000	42499999	59.13151
Bd3	42500000	42599999	52.86112
Bd3	42600000	42699999	56.64896
Bd3	42700000	42799999	56.16462
Bd3	42800000	42899999	57.46824
Bd3	42900000	42999999	53.17554
Bd3	43000000	43099999	50.95898
Bd3	43100000	43199999	56.99495
Bd3	43200000	43299999	57.82003
Bd3	43300000	43399999	55.94847
Bd3	43400000	43499999	55.3838
Bd3	43500000	43599999	56.55882
Bd3	43600000	43699999	57.67996
Bd3	43700000	43799999	54.94602
Bd3	43800000	43899999	58.70094
Bd3	43900000	43999999	58.0748
Bd3	44000000	44099999	57.02341
Bd3	44100000	44199999	56.86103
Bd3	44200000	44299999	50.17368
Bd3	44300000	44399999	50.92355
Bd3	44400000	44499999	53.53795
Bd3	44500000	44599999	54.99855
Bd3	44600000	44699999	52.99767
Bd3	44700000	44799999	54.34083
Bd3	44800000	44899999	55.6945
Bd3	44900000	44999999	44.94762
Bd3	45000000	45099999	48.65495
Bd3	45100000	45199999	44.58865
Bd3	45200000	45299999	51.98811
Bd3	45300000	45399999	47.40756
Bd3	45400000	45499999	49.43466
Bd3	45500000	45599999	47.1121
Bd3	45600000	45699999	49.79491
Bd3	45700000	45799999	46.21063
Bd3	45800000	45899999	53.11327
Bd3	45900000	45999999	58.13854
Bd3	46000000	46099999	36.06488
Bd3	46100000	46199999	27.20512
Bd3	46200000	46299999	53.04382
Bd3	46300000	46399999	56.88472
Bd3	46400000	46499999	55.36537
Bd3	46500000	46599999	56.64595
Bd3	46600000	46699999	52.45445
Bd3	46700000	46799999	54.54581
Bd3	46800000	46899999	55.3355
Bd3	46900000	46999999	56.7012
Bd3	47000000	47099999	49.84092
Bd3	47100000	47199999	48.30961
Bd3	47200000	47299999	57.54483
Bd3	47300000	47399999	57.01712
Bd3	47400000	47499999	58.06622
Bd3	47500000	47599999	57.77592
Bd3	47600000	47699999	59.36219
Bd3	47700000	47799999	54.52804
Bd3	47800000	47899999	49.0929
Bd3	47900000	47999999	52.66772
Bd3	48000000	48099999	57.51368
Bd3	48100000	48199999	55.47763
Bd3	48200000	48299999	56.64583
Bd3	48300000	48399999	56.30247
Bd3	48400000	48499999	59.00002
Bd3	48500000	48599999	52.07973
Bd3	48600000	48699999	57.50173
Bd3	48700000	48799999	58.34925
Bd3	48800000	48899999	54.36884
Bd3	48900000	48999999	58.95583
Bd3	49000000	49099999	56.94875
Bd3	49100000	49199999	55.86235
Bd3	49200000	49299999	55.679
Bd3	49300000	49399999	58.16978
Bd3	49400000	49499999	58.64694
Bd3	49500000	49599999	53.03278
Bd3	49600000	49699999	58.63213
Bd3	49700000	49799999	58.77466
Bd3	49800000	49899999	58.38864
Bd3	49900000	49999999	41.0385
Bd3	50000000	50099999	58.84804
Bd3	50100000	50199999	56.50869
Bd3	50200000	50299999	57.88201
Bd3	50300000	50399999	58.00985
Bd3	50400000	50499999	57.12239
Bd3	50500000	50599999	55.79397
Bd3	50600000	50699999	59.14396
Bd3	50700000	50799999	55.91254
Bd3	50800000	50899999	56.12279
Bd3	50900000	50999999	53.2529
Bd3	51000000	51099999	52.48059
Bd3	51100000	51199999	56.54667
Bd3	51200000	51299999	51.85981
Bd3	51300000	51399999	58.05355
Bd3	51400000	51499999	59.13792
Bd3	51500000	51599999	56.38372
Bd3	51600000	51699999	56.55859
Bd3	51700000	51799999	45.34928
Bd3	51800000	51899999	57.57585
Bd3	51900000	51999999	54.42841
Bd3	52000000	52099999	57.92677
Bd3	52100000	52199999	53.47515
Bd3	52200000	52299999	57.64864
Bd3	52300000	52399999	56.29676
Bd3	52400000	52499999	56.97036
Bd3	52500000	52599999	58.80707
Bd3	52600000	52699999	54.86855
Bd3	52700000	52799999	54.42269
Bd3	52800000	52899999	58.58909
Bd3	52900000	52999999	58.2421
Bd3	53000000	53099999	58.87345
Bd3	53100000	53199999	56.66231
Bd3	53200000	53299999	58.29256
Bd3	53300000	53399999	58.57243
Bd3	53400000	53499999	57.10863
Bd3	53500000	53599999	59.7888
Bd3	53600000	53699999	59.09511
Bd3	53700000	53799999	56.2482
Bd3	53800000	53899999	57.84598
Bd3	53900000	53999999	56.02644
Bd3	54000000	54099999	57.29552
Bd3	54100000	54199999	56.57271
Bd3	54200000	54299999	53.90129
Bd3	54300000	54399999	59.46948
Bd3	54400000	54499999	57.7009
Bd3	54500000	54599999	56.70457
Bd3	54600000	54699999	51.66279
Bd3	54700000	54799999	55.96858
Bd3	54800000	54899999	54.83856
Bd3	54900000	54999999	55.80949
Bd3	55000000	55099999	58.72465
Bd3	55100000	55199999	54.54388
Bd3	55200000	55299999	58.88782
Bd3	55300000	55399999	58.72394
Bd3	55400000	55499999	55.53508
Bd3	55500000	55599999	57.2149
Bd3	55600000	55699999	58.46478
Bd3	55700000	55799999	57.80711
Bd3	55800000	55899999	53.57187
Bd3	55900000	55999999	59.15777
Bd3	56000000	56099999	58.93158
Bd3	56100000	56199999	53.51546
Bd3	56200000	56299999	56.00315
Bd3	56300000	56399999	57.63301
Bd3	56400000	56499999	58.46274
Bd3	56500000	56599999	54.51787
Bd3	56600000	56699999	58.26335
Bd3	56700000	56799999	58.53038
Bd3	56800000	56899999	51.41764
Bd3	56900000	56999999	46.11226
Bd3	57000000	57099999	52.07013
Bd3	57100000	57199999	58.4309
Bd3	57200000	57299999	58.4928
Bd3	57300000	57399999	58.96696
Bd3	57400000	57499999	56.04657
Bd3	57500000	57599999	42.92657
Bd3	57600000	57699999	52.31204
Bd3	57700000	57799999	29.15717
Bd3	57800000	57899999	57.75419
Bd3	57900000	57999999	58.55239
Bd3	58000000	58099999	58.15125
Bd3	58100000	58199999	53.79293
Bd3	58200000	58299999	58.76654
Bd3	58300000	58399999	58.86182
Bd3	58400000	58499999	59.15305
Bd3	58500000	58599999	54.64287
Bd3	58600000	58699999	59.06852
Bd3	58700000	58799999	59.82233
Bd3	58800000	58899999	57.89758
Bd3	58900000	58999999	59.1829
Bd3	59000000	59099999	53.50275
Bd3	59100000	59199999	58.99171
Bd3	59200000	59299999	56.70299
Bd3	59300000	59399999	58.72726
Bd3	59400000	59499999	54.52809
Bd3	59500000	59599999	44.93255
Bd3	59600000	59699999	0
Bd4	0	99999	52.02665
Bd4	100000	199999	57.4623
Bd4	200000	299999	57.10597
Bd4	300000	399999	55.30071
Bd4	400000	499999	59.46178
Bd4	500000	599999	55.10152
Bd4	600000	699999	55.31415
Bd4	700000	799999	56.88314
Bd4	800000	899999	56.15885
Bd4	900000	999999	58.0402
Bd4	1000000	1099999	55.14759
Bd4	1100000	1199999	58.37162
Bd4	1200000	1299999	56.28142
Bd4	1300000	1399999	56.02107
Bd4	1400000	1499999	55.84991
Bd4	1500000	1599999	56.94491
Bd4	1600000	1699999	54.57075
Bd4	1700000	1799999	47.17354
Bd4	1800000	1899999	57.52601
Bd4	1900000	1999999	54.82842
Bd4	2000000	2099999	58.45501
Bd4	2100000	2199999	56.09583
Bd4	2200000	2299999	57.14747
Bd4	2300000	2399999	38.27551
Bd4	2400000	2499999	57.65166
Bd4	2500000	2599999	55.03437
Bd4	2600000	2699999	56.72597
Bd4	2700000	2799999	57.60167
Bd4	2800000	2899999	52.85825
Bd4	2900000	2999999	54.56508
Bd4	3000000	3099999	57.7272
Bd4	3100000	3199999	56.97488
Bd4	3200000	3299999	57.45433
Bd4	3300000	3399999	51.79544
Bd4	3400000	3499999	36.67182
Bd4	3500000	3599999	57.94435
Bd4	3600000	3699999	55.35935
Bd4	3700000	3799999	54.13307
Bd4	3800000	3899999	57.1521
Bd4	3900000	3999999	55.46635
Bd4	4000000	4099999	56.9124
Bd4	4100000	4199999	56.12643
Bd4	4200000	4299999	58.7836
Bd4	4300000	4399999	53.96596
Bd4	4400000	4499999	57.28054
Bd4	4500000	4599999	50.97504
Bd4	4600000	4699999	55.87236
Bd4	4700000	4799999	58.00681
Bd4	4800000	4899999	56.62956
Bd4	4900000	4999999	52.36188
Bd4	5000000	5099999	53.60483
Bd4	5100000	5199999	52.12625
Bd4	5200000	5299999	54.96837
Bd4	5300000	5399999	54.66202
Bd4	5400000	5499999	57.46173
Bd4	5500000	5599999	57.85746
Bd4	5600000	5699999	53.75455
Bd4	5700000	5799999	53.90394
Bd4	5800000	5899999	53.08804
Bd4	5900000	5999999	51.84113
Bd4	6000000	6099999	44.55036
Bd4	6100000	6199999	56.00262
Bd4	6200000	6299999	55.85375
Bd4	6300000	6399999	56.45909
Bd4	6400000	6499999	53.40268
Bd4	6500000	6599999	51.64189
Bd4	6600000	6699999	45.24099
Bd4	6700000	6799999	51.41848
Bd4	6800000	6899999	52.2745
Bd4	6900000	6999999	55.2525
Bd4	7000000	7099999	51.89562
Bd4	7100000	7199999	57.30789
Bd4	7200000	7299999	53.63014
Bd4	7300000	7399999	39.51305
Bd4	7400000	7499999	57.57498
Bd4	7500000	7599999	51.30624
Bd4	7600000	7699999	58.41317
Bd4	7700000	7799999	58.28946
Bd4	7800000	7899999	52.98604
Bd4	7900000	7999999	52.92424
Bd4	8000000	8099999	54.40736
Bd4	8100000	8199999	42.12865
Bd4	8200000	8299999	22.12052
Bd4	8300000	8399999	42.74823
Bd4	8400000	8499999	59.65479
Bd4	8500000	8599999	53.33238
Bd4	8600000	8699999	54.10989
Bd4	8700000	8799999	55.70053
Bd4	8800000	8899999	36.9205
Bd4	8900000	8999999	35.6915
Bd4	9000000	9099999	43.994
Bd4	9100000	9199999	48.89425
Bd4	9200000	9299999	55.51133
Bd4	9300000	9399999	50.74274
Bd4	9400000	9499999	54.26255
Bd4	9500000	9599999	47.08629
Bd4	9600000	9699999	50.97258
Bd4	9700000	9799999	51.67974
Bd4	9800000	9899999	43.63605
Bd4	9900000	9999999	54.20774
Bd4	10000000	10099999	50.47738
Bd4	10100000	10199999	46.88492
Bd4	10200000	10299999	53.20025
Bd4	10300000	10399999	53.95756
Bd4	10400000	10499999	49.52815
Bd4	10500000	10599999	43.15104
Bd4	10600000	10699999	39.73042
Bd4	10700000	10799999	46.94122
Bd4	10800000	10899999	45.59922
Bd4	10900000	10999999	53.07483
Bd4	11000000	11099999	44.70345
Bd4	11100000	11199999	47.08876
Bd4	11200000	11299999	51.72227
Bd4	11300000	11399999	54.26119
Bd4	11400000	11499999	44.27159
Bd4	11500000	11599999	52.49281
Bd4	11600000	11699999	51.13992
Bd4	11700000	11799999	57.12031
Bd4	11800000	11899999	43.23738
Bd4	11900000	11999999	35.59069
Bd4	12000000	12099999	48.08187
Bd4	12100000	12199999	49.37062
Bd4	12200000	12299999	53.0615
Bd4	12300000	12399999	48.91667
Bd4	12400000	12499999	51.51271
Bd4	12500000	12599999	42.52958
Bd4	12600000	12699999	46.10149
Bd4	12700000	12799999	47.34781
Bd4	12800000	12899999	52.69193
Bd4	12900000	12999999	50.80422
Bd4	13000000	13099999	55.07201
Bd4	13100000	13199999	50.58335
Bd4	13200000	13299999	51.5664
Bd4	13300000	13399999	40.29955
Bd4	13400000	13499999	38.3504
Bd4	13500000	13599999	47.56653
Bd4	13600000	13699999	56.63536
Bd4	13700000	13799999	50.43147
Bd4	13800000	13899999	45.22785
Bd4	13900000	13999999	49.33012
Bd4	14000000	14099999	55.26716
Bd4	14100000	14199999	56.03275
Bd4	14200000	14299999	54.34942
Bd4	14300000	14399999	48.56837
Bd4	14400000	14499999	49.47891
Bd4	14500000	14599999	58.5052
Bd4	14600000	14699999	51.91843
Bd4	14700000	14799999	53.99105
Bd4	14800000	14899999	48.24117
Bd4	14900000	14999999	50.52153
Bd4	15000000	15099999	48.55728
Bd4	15100000	15199999	49.51739
Bd4	15200000	15299999	52.16349
Bd4	15300000	15399999	49.6021
Bd4	15400000	15499999	42.19546
Bd4	15500000	15599999	54.75373
Bd4	15600000	15699999	53.31037
Bd4	15700000	15799999	57.05212
Bd4	15800000	15899999	56.12865
Bd4	15900000	15999999	50.84077
Bd4	16000000	16099999	53.6694
Bd4	16100000	16199999	49.17476
Bd4	16200000	16299999	40.33726
Bd4	16300000	16399999	36.22638
Bd4	16400000	16499999	50.46278
Bd4	16500000	16599999	36.34633
Bd4	16600000	16699999	53.25776
Bd4	16700000	16799999	45.95499
Bd4	16800000	16899999	34.93464
Bd4	16900000	16999999	48.46596
Bd4	17000000	17099999	49.70618
Bd4	17100000	17199999	58.41341
Bd4	17200000	17299999	46.14651
Bd4	17300000	17399999	48.76829
Bd4	17400000	17499999	52.6434
Bd4	17500000	17599999	48.19143
Bd4	17600000	17699999	53.86495
Bd4	17700000	17799999	57.03057
Bd4	17800000	17899999	52.30526
Bd4	17900000	17999999	43.94912
Bd4	18000000	18099999	51.70291
Bd4	18100000	18199999	46.46195
Bd4	18200000	18299999	52.11839
Bd4	18300000	18399999	47.02985
Bd4	18400000	18499999	46.55441
Bd4	18500000	18599999	50.74436
Bd4	18600000	18699999	52.38652
Bd4	18700000	18799999	45.66697
Bd4	18800000	18899999	46.72997
Bd4	18900000	18999999	35.45495
Bd4	19000000	19099999	34.9335
Bd4	19100000	19199999	38.78522
Bd4	19200000	19299999	35.803
Bd4	19300000	19399999	29.5271
Bd4	19400000	19499999	30.51889
Bd4	19500000	19599999	33.24356
Bd4	19600000	19699999	41.21944
Bd4	19700000	19799999	43.43517
Bd4	19800000	19899999	37.62688
Bd4	19900000	19999999	34.41042
Bd4	20000000	20099999	33.60888
Bd4	20100000	20199999	49.40042
Bd4	20200000	20299999	46.08127
Bd4	20300000	20399999	39.1164
Bd4	20400000	20499999	39.8234
Bd4	20500000	20599999	42.66038
Bd4	20600000	20699999	39.12073
Bd4	20700000	20799999	7.08128
Bd4	20800000	20899999	6.9525
Bd4	20900000	20999999	25.29406
Bd4	21000000	21099999	31.4482
Bd4	21100000	21199999	42.45971
Bd4	21200000	21299999	41.22548
Bd4	21300000	21399999	38.53268
Bd4	21400000	21499999	45.15189
Bd4	21500000	21599999	54.86843
Bd4	21600000	21699999	53.70427
Bd4	21700000	21799999	49.6888
Bd4	21800000	21899999	40.05857
Bd4	21900000	21999999	39.8343
Bd4	22000000	22099999	28.30134
Bd4	22100000	22199999	48.84448
Bd4	22200000	22299999	49.94347
Bd4	22300000	22399999	39.30331
Bd4	22400000	22499999	50.4384
Bd4	22500000	22599999	40.05042
Bd4	22600000	22699999	37.60501
Bd4	22700000	22799999	36.76093
Bd4	22800000	22899999	50.3575
Bd4	22900000	22999999	44.51451
Bd4	23000000	23099999	43.67048
Bd4	23100000	23199999	45.7338
Bd4	23200000	23299999	43.24865
Bd4	23300000	23399999	41.80666
Bd4	23400000	23499999	50.13567
Bd4	23500000	23599999	52.34044
Bd4	23600000	23699999	46.19327
Bd4	23700000	23799999	47.9116
Bd4	23800000	23899999	50.41255
Bd4	23900000	23999999	52.67473
Bd4	24000000	24099999	47.44345
Bd4	24100000	24199999	51.56103
Bd4	24200000	24299999	44.41444
Bd4	24300000	24399999	45.03545
Bd4	24400000	24499999	48.36901
Bd4	24500000	24599999	46.19226
Bd4	24600000	24699999	33.49935
Bd4	24700000	24799999	37.76442
Bd4	24800000	24899999	48.5951
Bd4	24900000	24999999	41.38378
Bd4	25000000	25099999	48.92877
Bd4	25100000	25199999	45.65597
Bd4	25200000	25299999	43.56873
Bd4	25300000	25399999	45.22827
Bd4	25400000	25499999	41.32127
Bd4	25500000	25599999	44.39357
Bd4	25600000	25699999	49.64762
Bd4	25700000	25799999	53.77041
Bd4	25800000	25899999	46.24065
Bd4	25900000	25999999	45.78775
Bd4	26000000	26099999	43.74445
Bd4	26100000	26199999	54.99111
Bd4	26200000	26299999	36.92692
Bd4	26300000	26399999	51.33157
Bd4	26400000	26499999	47.0469
Bd4	26500000	26599999	35.3136
Bd4	26600000	26699999	47.16722
Bd4	26700000	26799999	38.90813
Bd4	26800000	26899999	43.06073
Bd4	26900000	26999999	53.99347
Bd4	27000000	27099999	46.55927
Bd4	27100000	27199999	49.43673
Bd4	27200000	27299999	44.40024
Bd4	27300000	27399999	43.72287
Bd4	27400000	27499999	48.19318
Bd4	27500000	27599999	53.12989
Bd4	27600000	27699999	50.62097
Bd4	27700000	27799999	50.29961
Bd4	27800000	27899999	45.64946
Bd4	27900000	27999999	51.00944
Bd4	28000000	28099999	48.38461
Bd4	28100000	28199999	50.52599
Bd4	28200000	28299999	55.81611
Bd4	28300000	28399999	53.32172
Bd4	28400000	28499999	50.76886
Bd4	28500000	28599999	48.11249
Bd4	28600000	28699999	51.87946
Bd4	28700000	28799999	39.35605
Bd4	28800000	28899999	53.01045
Bd4	28900000	28999999	47.04045
Bd4	29000000	29099999	50.49795
Bd4	29100000	29199999	53.06548
Bd4	29200000	29299999	51.88143
Bd4	29300000	29399999	54.18874
Bd4	29400000	29499999	53.11455
Bd4	29500000	29599999	43.46655
Bd4	29600000	29699999	47.75388
Bd4	29700000	29799999	47.95577
Bd4	29800000	29899999	55.20928
Bd4	29900000	29999999	51.29856
Bd4	30000000	30099999	43.64698
Bd4	30100000	30199999	55.93422
Bd4	30200000	30299999	48.09872
Bd4	30300000	30399999	44.7931
Bd4	30400000	30499999	36.70381
Bd4	30500000	30599999	42.53948
Bd4	30600000	30699999	45.43382
Bd4	30700000	30799999	39.31575
Bd4	30800000	30899999	56.2525
Bd4	30900000	30999999	53.83687
Bd4	31000000	31099999	41.80528
Bd4	31100000	31199999	49.95598
Bd4	31200000	31299999	48.59645
Bd4	31300000	31399999	52.93189
Bd4	31400000	31499999	58.8934
Bd4	31500000	31599999	58.64337
Bd4	31600000	31699999	52.07361
Bd4	31700000	31799999	58.51553
Bd4	31800000	31899999	52.30425
Bd4	31900000	31999999	46.44847
Bd4	32000000	32099999	48.11775
Bd4	32100000	32199999	52.10296
Bd4	32200000	32299999	51.21333
Bd4	32300000	32399999	54.62384
Bd4	32400000	32499999	51.76906
Bd4	32500000	32599999	51.37023
Bd4	32600000	32699999	57.12866
Bd4	32700000	32799999	52.78951
Bd4	32800000	32899999	53.36124
Bd4	32900000	32999999	51.255
Bd4	33000000	33099999	51.0354
Bd4	33100000	33199999	52.98713
Bd4	33200000	33299999	54.30379
Bd4	33300000	33399999	58.85108
Bd4	33400000	33499999	52.40915
Bd4	33500000	33599999	52.44901
Bd4	33600000	33699999	44.02312
Bd4	33700000	33799999	55.02448
Bd4	33800000	33899999	49.56476
Bd4	33900000	33999999	53.31898
Bd4	34000000	34099999	45.1463
Bd4	34100000	34199999	59.32382
Bd4	34200000	34299999	53.83239
Bd4	34300000	34399999	54.2368
Bd4	34400000	34499999	52.5784
Bd4	34500000	34599999	50.74072
Bd4	34600000	34699999	51.02802
Bd4	34700000	34799999	46.59191
Bd4	34800000	34899999	50.94131
Bd4	34900000	34999999	55.92845
Bd4	35000000	35099999	52.0328
Bd4	35100000	35199999	52.65719
Bd4	35200000	35299999	45.86961
Bd4	35300000	35399999	55.47334
Bd4	35400000	35499999	57.99593
Bd4	35500000	35599999	49.98061
Bd4	35600000	35699999	56.03074
Bd4	35700000	35799999	56.83868
Bd4	35800000	35899999	55.40739
Bd4	35900000	35999999	50.99458
Bd4	36000000	36099999	52.47478
Bd4	36100000	36199999	56.20645
Bd4	36200000	36299999	54.66706
Bd4	36300000	36399999	48.13449
Bd4	36400000	36499999	47.55162
Bd4	36500000	36599999	55.71913
Bd4	36600000	36699999	56.07708
Bd4	36700000	36799999	52.8471
Bd4	36800000	36899999	55.69959
Bd4	36900000	36999999	58.18045
Bd4	37000000	37099999	55.85181
Bd4	37100000	37199999	55.39402
Bd4	37200000	37299999	49.61879
Bd4	37300000	37399999	55.79038
Bd4	37400000	37499999	50.08227
Bd4	37500000	37599999	58.5541
Bd4	37600000	37699999	54.89136
Bd4	37700000	37799999	55.2079
Bd4	37800000	37899999	54.76074
Bd4	37900000	37999999	58.78576
Bd4	38000000	38099999	52.16054
Bd4	38100000	38199999	47.31898
Bd4	38200000	38299999	53.34368
Bd4	38300000	38399999	47.45095
Bd4	38400000	38499999	46.03451
Bd4	38500000	38599999	49.5938
Bd4	38600000	38699999	54.97527
Bd4	38700000	38799999	58.13299
Bd4	38800000	38899999	55.98425
Bd4	38900000	38999999	57.38374
Bd4	39000000	39099999	48.82912
Bd4	39100000	39199999	48.24615
Bd4	39200000	39299999	57.95146
Bd4	39300000	39399999	55.98245
Bd4	39400000	39499999	53.03211
Bd4	39500000	39599999	51.87445
Bd4	39600000	39699999	57.85113
Bd4	39700000	39799999	58.5562
Bd4	39800000	39899999	52.07325
Bd4	39900000	39999999	52.00803
Bd4	40000000	40099999	54.94814
Bd4	40100000	40199999	59.37097
Bd4	40200000	40299999	52.51267
Bd4	40300000	40399999	37.25986
Bd4	40400000	40499999	54.73134
Bd4	40500000	40599999	58.87764
Bd4	40600000	40699999	55.49745
Bd4	40700000	40799999	59.10839
Bd4	40800000	40899999	52.47752
Bd4	40900000	40999999	55.35516
Bd4	41000000	41099999	59.05429
Bd4	41100000	41199999	59.20467
Bd4	41200000	41299999	54.96695
Bd4	41300000	41399999	55.42369
Bd4	41400000	41499999	54.46442
Bd4	41500000	41599999	55.31272
Bd4	41600000	41699999	58.31946
Bd4	41700000	41799999	49.18522
Bd4	41800000	41899999	54.21704
Bd4	41900000	41999999	52.78648
Bd4	42000000	42099999	50.92325
Bd4	42100000	42199999	51.6772
Bd4	42200000	42299999	54.82775
Bd4	42300000	42399999	52.30129
Bd4	42400000	42499999	51.58152
Bd4	42500000	42599999	57.94232
Bd4	42600000	42699999	56.35234
Bd4	42700000	42799999	54.97402
Bd4	42800000	42899999	58.83015
Bd4	42900000	42999999	59.21327
Bd4	43000000	43099999	57.53814
Bd4	43100000	43199999	46.94965
Bd4	43200000	43299999	54.87481
Bd4	43300000	43399999	56.15273
Bd4	43400000	43499999	47.77711
Bd4	43500000	43599999	58.76527
Bd4	43600000	43699999	58.76904
Bd4	43700000	43799999	59.62468
Bd4	43800000	43899999	54.03457
Bd4	43900000	43999999	56.2316
Bd4	44000000	44099999	58.59338
Bd4	44100000	44199999	57.35362
Bd4	44200000	44299999	50.12906
Bd4	44300000	44399999	47.48644
Bd4	44400000	44499999	58.85267
Bd4	44500000	44599999	58.98783
Bd4	44600000	44699999	57.35253
Bd4	44700000	44799999	55.88546
Bd4	44800000	44899999	58.75265
Bd4	44900000	44999999	59.36427
Bd4	45000000	45099999	58.50323
Bd4	45100000	45199999	50.93644
Bd4	45200000	45299999	56.888
Bd4	45300000	45399999	57.66122
Bd4	45400000	45499999	53.91743
Bd4	45500000	45599999	57.51569
Bd4	45600000	45699999	57.99808
Bd4	45700000	45799999	59.08182
Bd4	45800000	45899999	43.50821
Bd4	45900000	45999999	48.82134
Bd4	46000000	46099999	54.53747
Bd4	46100000	46199999	55.77346
Bd4	46200000	46299999	57.29002
Bd4	46300000	46399999	55.94863
Bd4	46400000	46499999	58.46011
Bd4	46500000	46599999	55.96388
Bd4	46600000	46699999	58.02962
Bd4	46700000	46799999	57.85247
Bd4	46800000	46899999	50.75462
Bd4	46900000	46999999	59.27662
Bd4	47000000	47099999	50.61009
Bd4	47100000	47199999	56.62951
Bd4	47200000	47299999	57.06777
Bd4	47300000	47399999	54.16703
Bd4	47400000	47499999	58.60775
Bd4	47500000	47599999	58.19688
Bd4	47600000	47699999	49.27288
Bd4	47700000	47799999	57.01752
Bd4	47800000	47899999	44.0235
Bd4	47900000	47999999	40.89646
Bd4	48000000	48099999	59.65347
Bd4	48100000	48199999	58.57458
Bd4	48200000	48299999	58.06234
Bd4	48300000	48399999	50.84836
Bd4	48400000	48499999	43.0187
Bd4	48500000	48599999	0
Bd5	0	99999	0
Bd5	100000	199999	0
Bd5	200000	299999	35.70787
Bd5	300000	399999	38.04007
Bd5	400000	499999	55.68617
Bd5	500000	599999	56.61895
Bd5	600000	699999	55.28855
Bd5	700000	799999	51.41542
Bd5	800000	899999	53.0842
Bd5	900000	999999	55.89995
Bd5	1000000	1099999	57.35942
Bd5	1100000	1199999	55.00253
Bd5	1200000	1299999	51.98061
Bd5	1300000	1399999	50.49537
Bd5	1400000	1499999	49.69265
Bd5	1500000	1599999	26.81999
Bd5	1600000	1699999	33.84674
Bd5	1700000	1799999	45.23923
Bd5	1800000	1899999	54.26645
Bd5	1900000	1999999	54.54943
Bd5	2000000	2099999	50.08093
Bd5	2100000	2199999	54.1541
Bd5	2200000	2299999	57.89719
Bd5	2300000	2399999	45.67501
Bd5	2400000	2499999	59.13159
Bd5	2500000	2599999	46.01848
Bd5	2600000	2699999	52.86047
Bd5	2700000	2799999	26.26201
Bd5	2800000	2899999	31.01518
Bd5	2900000	2999999	42.78069
Bd5	3000000	3099999	46.65218
Bd5	3100000	3199999	52.49028
Bd5	3200000	3299999	53.37597
Bd5	3300000	3399999	53.22592
Bd5	3400000	3499999	53.19467
Bd5	3500000	3599999	42.06854
Bd5	3600000	3699999	42.48778
Bd5	3700000	3799999	55.55566
Bd5	3800000	3899999	48.68672
Bd5	3900000	3999999	49.93417
Bd5	4000000	4099999	50.25564
Bd5	4100000	4199999	48.69667
Bd5	4200000	4299999	39.21664
Bd5	4300000	4399999	51.09213
Bd5	4400000	4499999	50.62539
Bd5	4500000	4599999	49.04978
Bd5	4600000	4699999	45.89634
Bd5	4700000	4799999	48.06863
Bd5	4800000	4899999	42.6903
Bd5	4900000	4999999	49.01355
Bd5	5000000	5099999	47.73807
Bd5	5100000	5199999	48.22438
Bd5	5200000	5299999	46.71793
Bd5	5300000	5399999	39.94213
Bd5	5400000	5499999	26.61942
Bd5	5500000	5599999	39.83811
Bd5	5600000	5699999	29.75231
Bd5	5700000	5799999	46.6777
Bd5	5800000	5899999	51.31424
Bd5	5900000	5999999	47.32069
Bd5	6000000	6099999	49.0752
Bd5	6100000	6199999	45.63836
Bd5	6200000	6299999	49.18907
Bd5	6300000	6399999	41.29167
Bd5	6400000	6499999	39.11451
Bd5	6500000	6599999	45.40388
Bd5	6600000	6699999	42.88702
Bd5	6700000	6799999	45.84929
Bd5	6800000	6899999	51.02889
Bd5	6900000	6999999	39.94611
Bd5	7000000	7099999	34.1039
Bd5	7100000	7199999	33.76057
Bd5	7200000	7299999	41.71606
Bd5	7300000	7399999	40.32965
Bd5	7400000	7499999	39.44827
Bd5	7500000	7599999	37.13846
Bd5	7600000	7699999	34.71551
Bd5	7700000	7799999	13.08245
Bd5	7800000	7899999	24.76924
Bd5	7900000	7999999	31.83732
Bd5	8000000	8099999	32.59797
Bd5	8100000	8199999	29.27717
Bd5	8200000	8299999	32.09261
Bd5	8300000	8399999	39.04134
Bd5	8400000	8499999	46.71145
Bd5	8500000	8599999	32.12772
Bd5	8600000	8699999	43.5183
Bd5	8700000	8799999	35.92641
Bd5	8800000	8899999	42.10818
Bd5	8900000	8999999	42.13677
Bd5	9000000	9099999	41.92445
Bd5	9100000	9199999	27.28874
Bd5	9200000	9299999	32.94371
Bd5	9300000	9399999	39.80661
Bd5	9400000	9499999	32.47508
Bd5	9500000	9599999	36.72192
Bd5	9600000	9699999	49.66359
Bd5	9700000	9799999	56.84935
Bd5	9800000	9899999	55.60886
Bd5	9900000	9999999	50.62078
Bd5	10000000	10099999	46.0465
Bd5	10100000	10199999	46.79071
Bd5	10200000	10299999	53.88785
Bd5	10300000	10399999	54.07623
Bd5	10400000	10499999	50.26468
Bd5	10500000	10599999	44.83224
Bd5	10600000	10699999	44.46809
Bd5	10700000	10799999	46.64046
Bd5	10800000	10899999	52.46341
Bd5	10900000	10999999	52.43273
Bd5	11000000	11099999	44.91298
Bd5	11100000	11199999	28.29259
Bd5	11200000	11299999	54.63216
Bd5	11300000	11399999	42.51465
Bd5	11400000	11499999	40.48519
Bd5	11500000	11599999	51.52303
Bd5	11600000	11699999	48.11646
Bd5	11700000	11799999	47.9024
Bd5	11800000	11899999	41.14134
Bd5	11900000	11999999	50.62246
Bd5	12000000	12099999	47.32233
Bd5	12100000	12199999	53.68298
Bd5	12200000	12299999	50.18514
Bd5	12300000	12399999	49.49475
Bd5	12400000	12499999	51.50517
Bd5	12500000	12599999	50.25155
Bd5	12600000	12699999	54.15896
Bd5	12700000	12799999	49.92529
Bd5	12800000	12899999	43.28129
Bd5	12900000	12999999	40.16393
Bd5	13000000	13099999	50.81578
Bd5	13100000	13199999	50.6697
Bd5	13200000	13299999	54.36215
Bd5	13300000	13399999	55.25735
Bd5	13400000	13499999	53.59387
Bd5	13500000	13599999	53.47791
Bd5	13600000	13699999	56.22709
Bd5	13700000	13799999	52.63178
Bd5	13800000	13899999	54.54505
Bd5	13900000	13999999	50.98288
Bd5	14000000	14099999	51.99611
Bd5	14100000	14199999	53.25575
Bd5	14200000	14299999	56.48608
Bd5	14300000	14399999	39.71881
Bd5	14400000	14499999	49.58356
Bd5	14500000	14599999	47.75953
Bd5	14600000	14699999	33.97292
Bd5	14700000	14799999	51.63099
Bd5	14800000	14899999	49.40015
Bd5	14900000	14999999	54.586
Bd5	15000000	15099999	54.97192
Bd5	15100000	15199999	35.9628
Bd5	15200000	15299999	46.66013
Bd5	15300000	15399999	54.10116
Bd5	15400000	15499999	49.75939
Bd5	15500000	15599999	57.98243
Bd5	15600000	15699999	47.43654
Bd5	15700000	15799999	52.16852
Bd5	15800000	15899999	54.82264
Bd5	15900000	15999999	56.76591
Bd5	16000000	16099999	58.11656
Bd5	16100000	16199999	54.99525
Bd5	16200000	16299999	50.36776
Bd5	16300000	16399999	47.64385
Bd5	16400000	16499999	50.4887
Bd5	16500000	16599999	49.69815
Bd5	16600000	16699999	49.86557
Bd5	16700000	16799999	57.07239
Bd5	16800000	16899999	45.84863
Bd5	16900000	16999999	55.90437
Bd5	17000000	17099999	57.4079
Bd5	17100000	17199999	56.24321
Bd5	17200000	17299999	54.33405
Bd5	17300000	17399999	56.31394
Bd5	17400000	17499999	59.21664
Bd5	17500000	17599999	52.38722
Bd5	17600000	17699999	53.36031
Bd5	17700000	17799999	51.24351
Bd5	17800000	17899999	56.12466
Bd5	17900000	17999999	57.45269
Bd5	18000000	18099999	54.19959
Bd5	18100000	18199999	53.41105
Bd5	18200000	18299999	53.36997
Bd5	18300000	18399999	46.57237
Bd5	18400000	18499999	55.50982
Bd5	18500000	18599999	55.39767
Bd5	18600000	18699999	56.37645
Bd5	18700000	18799999	54.78012
Bd5	18800000	18899999	44.95356
Bd5	18900000	18999999	52.98765
Bd5	19000000	19099999	54.23108
Bd5	19100000	19199999	47.37429
Bd5	19200000	19299999	48.14555
Bd5	19300000	19399999	54.859
Bd5	19400000	19499999	52.05755
Bd5	19500000	19599999	53.97843
Bd5	19600000	19699999	52.30533
Bd5	19700000	19799999	52.50705
Bd5	19800000	19899999	52.32196
Bd5	19900000	19999999	47.42094
Bd5	20000000	20099999	55.09555
Bd5	20100000	20199999	51.75776
Bd5	20200000	20299999	55.59983
Bd5	20300000	20399999	56.18207
Bd5	20400000	20499999	57.32005
Bd5	20500000	20599999	51.01555
Bd5	20600000	20699999	51.33262
Bd5	20700000	20799999	56.02636
Bd5	20800000	20899999	53.33395
Bd5	20900000	20999999	57.89721
Bd5	21000000	21099999	55.77608
Bd5	21100000	21199999	54.14258
Bd5	21200000	21299999	56.96274
Bd5	21300000	21399999	57.11123
Bd5	21400000	21499999	54.51907
Bd5	21500000	21599999	57.01923
Bd5	21600000	21699999	52.74271
Bd5	21700000	21799999	54.04722
Bd5	21800000	21899999	55.09383
Bd5	21900000	21999999	55.05474
Bd5	22000000	22099999	58.46429
Bd5	22100000	22199999	56.35459
Bd5	22200000	22299999	58.20691
Bd5	22300000	22399999	54.0152
Bd5	22400000	22499999	55.91241
Bd5	22500000	22599999	54.66632
Bd5	22600000	22699999	40.20326
Bd5	22700000	22799999	54.3272
Bd5	22800000	22899999	53.71606
Bd5	22900000	22999999	54.21871
Bd5	23000000	23099999	55.9749
Bd5	23100000	23199999	45.50323
Bd5	23200000	23299999	54.45788
Bd5	23300000	23399999	51.96295
Bd5	23400000	23499999	57.65433
Bd5	23500000	23599999	53.7128
Bd5	23600000	23699999	56.5651
Bd5	23700000	23799999	53.84734
Bd5	23800000	23899999	57.39612
Bd5	23900000	23999999	57.92049
Bd5	24000000	24099999	58.06706
Bd5	24100000	24199999	56.71096
Bd5	24200000	24299999	53.98644
Bd5	24300000	24399999	50.66571
Bd5	24400000	24499999	58.41088
Bd5	24500000	24599999	57.48797
Bd5	24600000	24699999	59.46906
Bd5	24700000	24799999	55.50626
Bd5	24800000	24899999	56.3894
Bd5	24900000	24999999	55.72563
Bd5	25000000	25099999	56.03431
Bd5	25100000	25199999	56.3201
Bd5	25200000	25299999	50.41013
Bd5	25300000	25399999	57.51228
Bd5	25400000	25499999	58.97011
Bd5	25500000	25599999	58.10043
Bd5	25600000	25699999	54.59453
Bd5	25700000	25799999	49.53591
Bd5	25800000	25899999	43.69353
Bd5	25900000	25999999	52.79032
Bd5	26000000	26099999	56.88158
Bd5	26100000	26199999	54.88569
Bd5	26200000	26299999	56.91522
Bd5	26300000	26399999	58.99125
Bd5	26400000	26499999	52.31523
Bd5	26500000	26599999	54.93833
Bd5	26600000	26699999	56.17478
Bd5	26700000	26799999	58.5168
Bd5	26800000	26899999	56.79315
Bd5	26900000	26999999	58.77885
Bd5	27000000	27099999	55.13615
Bd5	27100000	27199999	58.17742
Bd5	27200000	27299999	57.54537
Bd5	27300000	27399999	56.40224
Bd5	27400000	27499999	55.14404
Bd5	27500000	27599999	55.35666
Bd5	27600000	27699999	56.88243
Bd5	27700000	27799999	56.34012
Bd5	27800000	27899999	58.0086
Bd5	27900000	27999999	57.54214
Bd5	28000000	28099999	40.18672
Bd5	28100000	28199999	48.47557
Bd5	28200000	28299999	50.98558
Bd5	28300000	28399999	57.7996
Bd5	28400000	28499999	56.75132
Bd5	28500000	28599999	49.23493
Bd5	28600000	28699999	0
