Bd1	0	99999	0.99998
Bd1	100000	199999	0.99913
Bd1	200000	299999	0.99859
Bd1	300000	399999	0.99934
Bd1	400000	499999	0.99931
Bd1	500000	599999	1
Bd1	600000	699999	0.99812
Bd1	700000	799999	0.99896
Bd1	800000	899999	0.99948
Bd1	900000	999999	1
Bd1	1000000	1099999	0.99999
Bd1	1100000	1199999	0.99957
Bd1	1200000	1299999	0.99951
Bd1	1300000	1399999	0.99879
Bd1	1400000	1499999	0.99803
Bd1	1500000	1599999	0.99928
Bd1	1600000	1699999	0.99862
Bd1	1700000	1799999	0.99947
Bd1	1800000	1899999	0.99932
Bd1	1900000	1999999	0.99771
Bd1	2000000	2099999	0.99984
Bd1	2100000	2199999	0.99949
Bd1	2200000	2299999	0.99673
Bd1	2300000	2399999	0.99973
Bd1	2400000	2499999	0.9997
Bd1	2500000	2599999	0.99975
Bd1	2600000	2699999	0.99883
Bd1	2700000	2799999	0.99991
Bd1	2800000	2899999	0.99858
Bd1	2900000	2999999	0.99911
Bd1	3000000	3099999	1
Bd1	3100000	3199999	1
Bd1	3200000	3299999	0.99983
Bd1	3300000	3399999	1
Bd1	3400000	3499999	0.99931
Bd1	3500000	3599999	0.99614
Bd1	3600000	3699999	0.99983
Bd1	3700000	3799999	0.99981
Bd1	3800000	3899999	0.99739
Bd1	3900000	3999999	0.99791
Bd1	4000000	4099999	0.99975
Bd1	4100000	4199999	0.99348
Bd1	4200000	4299999	0.999
Bd1	4300000	4399999	0.99985
Bd1	4400000	4499999	0.99987
Bd1	4500000	4599999	0.99537
Bd1	4600000	4699999	0.99936
Bd1	4700000	4799999	0.99467
Bd1	4800000	4899999	0.99934
Bd1	4900000	4999999	0.99601
Bd1	5000000	5099999	0.99965
Bd1	5100000	5199999	0.99891
Bd1	5200000	5299999	0.99995
Bd1	5300000	5399999	0.99902
Bd1	5400000	5499999	0.99884
Bd1	5500000	5599999	0.99999
Bd1	5600000	5699999	0.99867
Bd1	5700000	5799999	1
Bd1	5800000	5899999	0.99999
Bd1	5900000	5999999	0.99371
Bd1	6000000	6099999	0.99977
Bd1	6100000	6199999	0.99949
Bd1	6200000	6299999	0.99875
Bd1	6300000	6399999	0.99648
Bd1	6400000	6499999	0.99779
Bd1	6500000	6599999	0.99933
Bd1	6600000	6699999	0.99686
Bd1	6700000	6799999	0.99991
Bd1	6800000	6899999	0.99876
Bd1	6900000	6999999	0.99991
Bd1	7000000	7099999	0.99801
Bd1	7100000	7199999	0.99981
Bd1	7200000	7299999	0.99999
Bd1	7300000	7399999	1
Bd1	7400000	7499999	0.99759
Bd1	7500000	7599999	0.99826
Bd1	7600000	7699999	1
Bd1	7700000	7799999	0.99953
Bd1	7800000	7899999	0.99811
Bd1	7900000	7999999	0.99995
Bd1	8000000	8099999	0.9989
Bd1	8100000	8199999	0.99506
Bd1	8200000	8299999	0.99858
Bd1	8300000	8399999	0.99578
Bd1	8400000	8499999	0.99404
Bd1	8500000	8599999	1
Bd1	8600000	8699999	0.99981
Bd1	8700000	8799999	0.99997
Bd1	8800000	8899999	0.99781
Bd1	8900000	8999999	0.99992
Bd1	9000000	9099999	0.9945
Bd1	9100000	9199999	0.99937
Bd1	9200000	9299999	0.99898
Bd1	9300000	9399999	0.99993
Bd1	9400000	9499999	0.9997
Bd1	9500000	9599999	1
Bd1	9600000	9699999	0.99933
Bd1	9700000	9799999	1
Bd1	9800000	9899999	0.99809
Bd1	9900000	9999999	0.9953
Bd1	10000000	10099999	0.99994
Bd1	10100000	10199999	0.99762
Bd1	10200000	10299999	0.98261
Bd1	10300000	10399999	0.99009
Bd1	10400000	10499999	0.99627
Bd1	10500000	10599999	1
Bd1	10600000	10699999	0.99999
Bd1	10700000	10799999	0.99997
Bd1	10800000	10899999	0.99382
Bd1	10900000	10999999	1
Bd1	11000000	11099999	0.99683
Bd1	11100000	11199999	0.9989
Bd1	11200000	11299999	0.99436
Bd1	11300000	11399999	0.99996
Bd1	11400000	11499999	0.99986
Bd1	11500000	11599999	0.99798
Bd1	11600000	11699999	0.99982
Bd1	11700000	11799999	0.99651
Bd1	11800000	11899999	0.99852
Bd1	11900000	11999999	0.99997
Bd1	12000000	12099999	0.99999
Bd1	12100000	12199999	0.99984
Bd1	12200000	12299999	0.99938
Bd1	12300000	12399999	1
Bd1	12400000	12499999	0.99942
Bd1	12500000	12599999	0.99892
Bd1	12600000	12699999	0.99166
Bd1	12700000	12799999	0.9994
Bd1	12800000	12899999	0.99813
Bd1	12900000	12999999	0.99482
Bd1	13000000	13099999	0.99966
Bd1	13100000	13199999	0.99539
Bd1	13200000	13299999	0.97528
Bd1	13300000	13399999	0.99739
Bd1	13400000	13499999	0.99968
Bd1	13500000	13599999	0.98884
Bd1	13600000	13699999	0.97433
Bd1	13700000	13799999	0.99986
Bd1	13800000	13899999	0.99999
Bd1	13900000	13999999	1
Bd1	14000000	14099999	0.99571
Bd1	14100000	14199999	0.99519
Bd1	14200000	14299999	0.99674
Bd1	14300000	14399999	0.99879
Bd1	14400000	14499999	0.99979
Bd1	14500000	14599999	0.99998
Bd1	14600000	14699999	0.99953
Bd1	14700000	14799999	0.9993
Bd1	14800000	14899999	1
Bd1	14900000	14999999	1
Bd1	15000000	15099999	0.99948
Bd1	15100000	15199999	0.99968
Bd1	15200000	15299999	0.99997
Bd1	15300000	15399999	0.99997
Bd1	15400000	15499999	0.99923
Bd1	15500000	15599999	0.99687
Bd1	15600000	15699999	0.99921
Bd1	15700000	15799999	0.99999
Bd1	15800000	15899999	0.99953
Bd1	15900000	15999999	0.99975
Bd1	16000000	16099999	0.99866
Bd1	16100000	16199999	0.99753
Bd1	16200000	16299999	0.99633
Bd1	16300000	16399999	0.99916
Bd1	16400000	16499999	0.9998
Bd1	16500000	16599999	0.9903
Bd1	16600000	16699999	0.99503
Bd1	16700000	16799999	0.99384
Bd1	16800000	16899999	0.99425
Bd1	16900000	16999999	1
Bd1	17000000	17099999	0.99355
Bd1	17100000	17199999	0.99973
Bd1	17200000	17299999	0.99905
Bd1	17300000	17399999	0.99868
Bd1	17400000	17499999	0.99998
Bd1	17500000	17599999	0.99998
Bd1	17600000	17699999	0.99974
Bd1	17700000	17799999	0.99847
Bd1	17800000	17899999	0.99859
Bd1	17900000	17999999	0.99677
Bd1	18000000	18099999	0.99781
Bd1	18100000	18199999	0.99956
Bd1	18200000	18299999	0.99962
Bd1	18300000	18399999	0.99896
Bd1	18400000	18499999	0.99973
Bd1	18500000	18599999	0.99887
Bd1	18600000	18699999	0.99839
Bd1	18700000	18799999	0.97947
Bd1	18800000	18899999	0.99921
Bd1	18900000	18999999	0.99996
Bd1	19000000	19099999	0.99743
Bd1	19100000	19199999	0.99931
Bd1	19200000	19299999	0.99938
Bd1	19300000	19399999	0.99999
Bd1	19400000	19499999	0.99894
Bd1	19500000	19599999	0.99999
Bd1	19600000	19699999	0.9974
Bd1	19700000	19799999	0.98928
Bd1	19800000	19899999	0.9972
Bd1	19900000	19999999	0.99979
Bd1	20000000	20099999	1
Bd1	20100000	20199999	0.9997
Bd1	20200000	20299999	0.99793
Bd1	20300000	20399999	1
Bd1	20400000	20499999	0.99946
Bd1	20500000	20599999	0.99976
Bd1	20600000	20699999	0.99998
Bd1	20700000	20799999	0.99603
Bd1	20800000	20899999	0.9998
Bd1	20900000	20999999	0.99912
Bd1	21000000	21099999	0.99911
Bd1	21100000	21199999	0.99966
Bd1	21200000	21299999	0.99922
Bd1	21300000	21399999	0.99997
Bd1	21400000	21499999	0.99867
Bd1	21500000	21599999	0.99638
Bd1	21600000	21699999	0.99828
Bd1	21700000	21799999	0.99859
Bd1	21800000	21899999	0.99949
Bd1	21900000	21999999	1
Bd1	22000000	22099999	0.9987
Bd1	22100000	22199999	0.99837
Bd1	22200000	22299999	0.99854
Bd1	22300000	22399999	0.99828
Bd1	22400000	22499999	0.99473
Bd1	22500000	22599999	0.99893
Bd1	22600000	22699999	0.98808
Bd1	22700000	22799999	0.99147
Bd1	22800000	22899999	0.99668
Bd1	22900000	22999999	0.99824
Bd1	23000000	23099999	0.99406
Bd1	23100000	23199999	0.9973
Bd1	23200000	23299999	0.99396
Bd1	23300000	23399999	0.99968
Bd1	23400000	23499999	0.99479
Bd1	23500000	23599999	0.97385
Bd1	23600000	23699999	0.99999
Bd1	23700000	23799999	0.99224
Bd1	23800000	23899999	0.99604
Bd1	23900000	23999999	0.99999
Bd1	24000000	24099999	0.99884
Bd1	24100000	24199999	0.99733
Bd1	24200000	24299999	0.99995
Bd1	24300000	24399999	0.99992
Bd1	24400000	24499999	0.99006
Bd1	24500000	24599999	0.99502
Bd1	24600000	24699999	0.99847
Bd1	24700000	24799999	1
Bd1	24800000	24899999	0.99236
Bd1	24900000	24999999	0.99102
Bd1	25000000	25099999	0.99993
Bd1	25100000	25199999	1
Bd1	25200000	25299999	0.99985
Bd1	25300000	25399999	0.99979
Bd1	25400000	25499999	0.99991
Bd1	25500000	25599999	0.9998
Bd1	25600000	25699999	0.9985
Bd1	25700000	25799999	0.99957
Bd1	25800000	25899999	0.99945
Bd1	25900000	25999999	0.99911
Bd1	26000000	26099999	0.98831
Bd1	26100000	26199999	0.99345
Bd1	26200000	26299999	0.99782
Bd1	26300000	26399999	0.99665
Bd1	26400000	26499999	0.99618
Bd1	26500000	26599999	0.9976
Bd1	26600000	26699999	1
Bd1	26700000	26799999	0.99993
Bd1	26800000	26899999	0.9971
Bd1	26900000	26999999	0.99852
Bd1	27000000	27099999	0.99976
Bd1	27100000	27199999	0.99787
Bd1	27200000	27299999	0.99785
Bd1	27300000	27399999	1
Bd1	27400000	27499999	0.99999
Bd1	27500000	27599999	0.99718
Bd1	27600000	27699999	1
Bd1	27700000	27799999	0.99999
Bd1	27800000	27899999	0.99665
Bd1	27900000	27999999	0.99804
Bd1	28000000	28099999	0.99717
Bd1	28100000	28199999	0.99986
Bd1	28200000	28299999	0.99997
Bd1	28300000	28399999	0.99408
Bd1	28400000	28499999	0.99541
Bd1	28500000	28599999	0.9958
Bd1	28600000	28699999	1
Bd1	28700000	28799999	0.99752
Bd1	28800000	28899999	1
Bd1	28900000	28999999	0.99989
Bd1	29000000	29099999	0.99982
Bd1	29100000	29199999	0.99835
Bd1	29200000	29299999	0.99734
Bd1	29300000	29399999	0.99511
Bd1	29400000	29499999	0.99811
Bd1	29500000	29599999	0.9955
Bd1	29600000	29699999	0.9955
Bd1	29700000	29799999	0.99694
Bd1	29800000	29899999	0.99997
Bd1	29900000	29999999	0.99998
Bd1	30000000	30099999	0.99826
Bd1	30100000	30199999	0.99613
Bd1	30200000	30299999	0.99945
Bd1	30300000	30399999	0.99992
Bd1	30400000	30499999	0.99994
Bd1	30500000	30599999	1
Bd1	30600000	30699999	0.99696
Bd1	30700000	30799999	0.99896
Bd1	30800000	30899999	0.99592
Bd1	30900000	30999999	0.98332
Bd1	31000000	31099999	0.99712
Bd1	31100000	31199999	0.99109
Bd1	31200000	31299999	1
Bd1	31300000	31399999	0.99993
Bd1	31400000	31499999	0.99915
Bd1	31500000	31599999	0.99964
Bd1	31600000	31699999	0.99998
Bd1	31700000	31799999	0.99802
Bd1	31800000	31899999	0.99533
Bd1	31900000	31999999	0.99953
Bd1	32000000	32099999	0.99754
Bd1	32100000	32199999	0.99943
Bd1	32200000	32299999	0.99931
Bd1	32300000	32399999	0.99851
Bd1	32400000	32499999	0.9835
Bd1	32500000	32599999	0.99736
Bd1	32600000	32699999	0.99496
Bd1	32700000	32799999	0.99526
Bd1	32800000	32899999	0.99715
Bd1	32900000	32999999	0.97735
Bd1	33000000	33099999	0.99852
Bd1	33100000	33199999	0.9965
Bd1	33200000	33299999	0.99982
Bd1	33300000	33399999	0.99698
Bd1	33400000	33499999	0.99969
Bd1	33500000	33599999	0.99834
Bd1	33600000	33699999	1
Bd1	33700000	33799999	0.99661
Bd1	33800000	33899999	0.99897
Bd1	33900000	33999999	0.99771
Bd1	34000000	34099999	0.99614
Bd1	34100000	34199999	0.99992
Bd1	34200000	34299999	0.99644
Bd1	34300000	34399999	0.99959
Bd1	34400000	34499999	0.99599
Bd1	34500000	34599999	0.99997
Bd1	34600000	34699999	0.99723
Bd1	34700000	34799999	0.99142
Bd1	34800000	34899999	0.99211
Bd1	34900000	34999999	0.99534
Bd1	35000000	35099999	0.99988
Bd1	35100000	35199999	0.99149
Bd1	35200000	35299999	0.99568
Bd1	35300000	35399999	0.99385
Bd1	35400000	35499999	0.99431
Bd1	35500000	35599999	0.99248
Bd1	35600000	35699999	0.99768
Bd1	35700000	35799999	0.99136
Bd1	35800000	35899999	0.99974
Bd1	35900000	35999999	0.99987
Bd1	36000000	36099999	0.98716
Bd1	36100000	36199999	0.99417
Bd1	36200000	36299999	0.99681
Bd1	36300000	36399999	0.98696
Bd1	36400000	36499999	0.99409
Bd1	36500000	36599999	0.9725
Bd1	36600000	36699999	0.98234
Bd1	36700000	36799999	0.98481
Bd1	36800000	36899999	0.98632
Bd1	36900000	36999999	0.9857
Bd1	37000000	37099999	0.98779
Bd1	37100000	37199999	0.983
Bd1	37200000	37299999	0.99609
Bd1	37300000	37399999	0.98546
Bd1	37400000	37499999	0.98628
Bd1	37500000	37599999	0.98763
Bd1	37600000	37699999	0.99674
Bd1	37700000	37799999	0.99593
Bd1	37800000	37899999	0.99304
Bd1	37900000	37999999	0.44846
Bd1	38000000	38099999	0.54334
Bd1	38100000	38199999	0.99486
Bd1	38200000	38299999	0.99358
Bd1	38300000	38399999	0.99199
Bd1	38400000	38499999	0.99617
Bd1	38500000	38599999	0.99829
Bd1	38600000	38699999	0.99057
Bd1	38700000	38799999	0.99988
Bd1	38800000	38899999	0.99625
Bd1	38900000	38999999	0.99926
Bd1	39000000	39099999	0.98082
Bd1	39100000	39199999	0.9912
Bd1	39200000	39299999	0.97937
Bd1	39300000	39399999	0.98688
Bd1	39400000	39499999	0.99867
Bd1	39500000	39599999	0.99161
Bd1	39600000	39699999	0.99325
Bd1	39700000	39799999	0.99565
Bd1	39800000	39899999	0.99087
Bd1	39900000	39999999	0.99175
Bd1	40000000	40099999	0.99781
Bd1	40100000	40199999	0.99813
Bd1	40200000	40299999	0.99717
Bd1	40300000	40399999	0.99361
Bd1	40400000	40499999	0.99746
Bd1	40500000	40599999	0.99992
Bd1	40600000	40699999	0.99138
Bd1	40700000	40799999	0.99838
Bd1	40800000	40899999	0.98943
Bd1	40900000	40999999	0.97701
Bd1	41000000	41099999	0.99502
Bd1	41100000	41199999	0.99911
Bd1	41200000	41299999	0.99369
Bd1	41300000	41399999	0.98386
Bd1	41400000	41499999	0.99983
Bd1	41500000	41599999	1
Bd1	41600000	41699999	0.99827
Bd1	41700000	41799999	0.99213
Bd1	41800000	41899999	0.99558
Bd1	41900000	41999999	0.99536
Bd1	42000000	42099999	1
Bd1	42100000	42199999	0.99802
Bd1	42200000	42299999	0.98461
Bd1	42300000	42399999	0.99992
Bd1	42400000	42499999	0.99877
Bd1	42500000	42599999	0.99934
Bd1	42600000	42699999	0.99746
Bd1	42700000	42799999	1
Bd1	42800000	42899999	0.99929
Bd1	42900000	42999999	0.99589
Bd1	43000000	43099999	0.99982
Bd1	43100000	43199999	0.99765
Bd1	43200000	43299999	0.99397
Bd1	43300000	43399999	0.99228
Bd1	43400000	43499999	0.99986
Bd1	43500000	43599999	0.99828
Bd1	43600000	43699999	0.99909
Bd1	43700000	43799999	0.99839
Bd1	43800000	43899999	0.99973
Bd1	43900000	43999999	0.99478
Bd1	44000000	44099999	0.99731
Bd1	44100000	44199999	0.99935
Bd1	44200000	44299999	0.99918
Bd1	44300000	44399999	1
Bd1	44400000	44499999	0.99748
Bd1	44500000	44599999	0.99476
Bd1	44600000	44699999	0.9718
Bd1	44700000	44799999	0.974
Bd1	44800000	44899999	0.98083
Bd1	44900000	44999999	0.99993
Bd1	45000000	45099999	0.99886
Bd1	45100000	45199999	0.99965
Bd1	45200000	45299999	0.9992
Bd1	45300000	45399999	0.99745
Bd1	45400000	45499999	0.99998
Bd1	45500000	45599999	0.99919
Bd1	45600000	45699999	0.99375
Bd1	45700000	45799999	0.99482
Bd1	45800000	45899999	1
Bd1	45900000	45999999	0.99999
Bd1	46000000	46099999	0.99999
Bd1	46100000	46199999	0.99834
Bd1	46200000	46299999	0.99498
Bd1	46300000	46399999	0.99749
Bd1	46400000	46499999	0.99893
Bd1	46500000	46599999	0.99962
Bd1	46600000	46699999	0.99955
Bd1	46700000	46799999	0.99823
Bd1	46800000	46899999	0.99974
Bd1	46900000	46999999	0.99565
Bd1	47000000	47099999	0.99997
Bd1	47100000	47199999	0.99964
Bd1	47200000	47299999	0.99569
Bd1	47300000	47399999	0.97125
Bd1	47400000	47499999	0.99277
Bd1	47500000	47599999	0.99695
Bd1	47600000	47699999	0.9953
Bd1	47700000	47799999	0.99735
Bd1	47800000	47899999	0.99787
Bd1	47900000	47999999	0.9963
Bd1	48000000	48099999	0.99864
Bd1	48100000	48199999	0.99922
Bd1	48200000	48299999	0.98834
Bd1	48300000	48399999	0.99883
Bd1	48400000	48499999	0.99993
Bd1	48500000	48599999	0.99571
Bd1	48600000	48699999	0.9913
Bd1	48700000	48799999	0.99935
Bd1	48800000	48899999	0.99894
Bd1	48900000	48999999	0.99836
Bd1	49000000	49099999	0.99911
Bd1	49100000	49199999	0.99989
Bd1	49200000	49299999	0.99142
Bd1	49300000	49399999	0.99941
Bd1	49400000	49499999	0.99291
Bd1	49500000	49599999	0.9992
Bd1	49600000	49699999	0.99832
Bd1	49700000	49799999	0.99691
Bd1	49800000	49899999	0.99979
Bd1	49900000	49999999	0.99939
Bd1	50000000	50099999	0.99842
Bd1	50100000	50199999	0.99687
Bd1	50200000	50299999	0.99548
Bd1	50300000	50399999	0.99994
Bd1	50400000	50499999	0.99779
Bd1	50500000	50599999	0.9975
Bd1	50600000	50699999	0.99428
Bd1	50700000	50799999	0.99674
Bd1	50800000	50899999	0.99732
Bd1	50900000	50999999	0.99881
Bd1	51000000	51099999	0.99964
Bd1	51100000	51199999	0.99967
Bd1	51200000	51299999	0.99984
Bd1	51300000	51399999	0.97639
Bd1	51400000	51499999	0.99194
Bd1	51500000	51599999	0.99733
Bd1	51600000	51699999	1
Bd1	51700000	51799999	0.99535
Bd1	51800000	51899999	0.99888
Bd1	51900000	51999999	0.98845
Bd1	52000000	52099999	0.99897
Bd1	52100000	52199999	0.99721
Bd1	52200000	52299999	0.99444
Bd1	52300000	52399999	0.99399
Bd1	52400000	52499999	0.99539
Bd1	52500000	52599999	0.99414
Bd1	52600000	52699999	0.99749
Bd1	52700000	52799999	0.99968
Bd1	52800000	52899999	0.99855
Bd1	52900000	52999999	1
Bd1	53000000	53099999	0.99632
Bd1	53100000	53199999	0.99134
Bd1	53200000	53299999	0.99973
Bd1	53300000	53399999	0.99995
Bd1	53400000	53499999	0.9998
Bd1	53500000	53599999	0.99881
Bd1	53600000	53699999	0.99749
Bd1	53700000	53799999	1
Bd1	53800000	53899999	0.99955
Bd1	53900000	53999999	1
Bd1	54000000	54099999	0.99076
Bd1	54100000	54199999	0.99916
Bd1	54200000	54299999	0.9995
Bd1	54300000	54399999	0.99954
Bd1	54400000	54499999	0.99892
Bd1	54500000	54599999	0.99912
Bd1	54600000	54699999	0.99079
Bd1	54700000	54799999	0.99235
Bd1	54800000	54899999	0.99108
Bd1	54900000	54999999	0.99888
Bd1	55000000	55099999	0.99543
Bd1	55100000	55199999	0.99023
Bd1	55200000	55299999	0.98179
Bd1	55300000	55399999	0.99577
Bd1	55400000	55499999	0.99597
Bd1	55500000	55599999	0.99951
Bd1	55600000	55699999	0.99452
Bd1	55700000	55799999	0.99574
Bd1	55800000	55899999	0.99764
Bd1	55900000	55999999	0.99763
Bd1	56000000	56099999	0.9986
Bd1	56100000	56199999	0.99748
Bd1	56200000	56299999	0.99816
Bd1	56300000	56399999	0.9977
Bd1	56400000	56499999	0.99855
Bd1	56500000	56599999	0.9979
Bd1	56600000	56699999	0.99907
Bd1	56700000	56799999	0.99736
Bd1	56800000	56899999	0.99582
Bd1	56900000	56999999	0.99376
Bd1	57000000	57099999	0.97453
Bd1	57100000	57199999	0.99964
Bd1	57200000	57299999	0.98375
Bd1	57300000	57399999	0.99975
Bd1	57400000	57499999	0.99894
Bd1	57500000	57599999	0.98653
Bd1	57600000	57699999	0.99399
Bd1	57700000	57799999	0.99946
Bd1	57800000	57899999	0.99752
Bd1	57900000	57999999	0.98577
Bd1	58000000	58099999	0.99892
Bd1	58100000	58199999	0.99777
Bd1	58200000	58299999	0.99558
Bd1	58300000	58399999	0.99971
Bd1	58400000	58499999	0.99793
Bd1	58500000	58599999	0.99878
Bd1	58600000	58699999	0.9998
Bd1	58700000	58799999	1
Bd1	58800000	58899999	0.99322
Bd1	58900000	58999999	0.99998
Bd1	59000000	59099999	0.99384
Bd1	59100000	59199999	0.98637
Bd1	59200000	59299999	0.97487
Bd1	59300000	59399999	0.98846
Bd1	59400000	59499999	0.98301
Bd1	59500000	59599999	0.99727
Bd1	59600000	59699999	0.99073
Bd1	59700000	59799999	0.99754
Bd1	59800000	59899999	1
Bd1	59900000	59999999	0.9983
Bd1	60000000	60099999	1
Bd1	60100000	60199999	0.99769
Bd1	60200000	60299999	0.99769
Bd1	60300000	60399999	0.99989
Bd1	60400000	60499999	0.99829
Bd1	60500000	60599999	0.99991
Bd1	60600000	60699999	0.9966
Bd1	60700000	60799999	0.99772
Bd1	60800000	60899999	0.9915
Bd1	60900000	60999999	0.99744
Bd1	61000000	61099999	1
Bd1	61100000	61199999	0.99809
Bd1	61200000	61299999	0.99762
Bd1	61300000	61399999	0.99996
Bd1	61400000	61499999	0.99957
Bd1	61500000	61599999	0.9993
Bd1	61600000	61699999	0.99597
Bd1	61700000	61799999	0.99974
Bd1	61800000	61899999	0.99961
Bd1	61900000	61999999	0.9971
Bd1	62000000	62099999	0.99997
Bd1	62100000	62199999	0.99999
Bd1	62200000	62299999	0.99208
Bd1	62300000	62399999	0.97807
Bd1	62400000	62499999	0.99729
Bd1	62500000	62599999	0.99811
Bd1	62600000	62699999	0.99854
Bd1	62700000	62799999	0.99992
Bd1	62800000	62899999	0.9992
Bd1	62900000	62999999	0.99992
Bd1	63000000	63099999	0.99467
Bd1	63100000	63199999	0.99744
Bd1	63200000	63299999	0.98642
Bd1	63300000	63399999	0.99983
Bd1	63400000	63499999	0.99999
Bd1	63500000	63599999	0.99956
Bd1	63600000	63699999	0.99769
Bd1	63700000	63799999	0.99961
Bd1	63800000	63899999	0.997
Bd1	63900000	63999999	0.99998
Bd1	64000000	64099999	0.9998
Bd1	64100000	64199999	0.99792
Bd1	64200000	64299999	0.99617
Bd1	64300000	64399999	0.99997
Bd1	64400000	64499999	0.9999
Bd1	64500000	64599999	0.99754
Bd1	64600000	64699999	0.9992
Bd1	64700000	64799999	0.99926
Bd1	64800000	64899999	0.99994
Bd1	64900000	64999999	1
Bd1	65000000	65099999	0.99791
Bd1	65100000	65199999	0.9968
Bd1	65200000	65299999	0.99965
Bd1	65300000	65399999	0.99784
Bd1	65400000	65499999	0.99999
Bd1	65500000	65599999	0.99657
Bd1	65600000	65699999	0.99808
Bd1	65700000	65799999	0.99655
Bd1	65800000	65899999	0.99904
Bd1	65900000	65999999	0.99979
Bd1	66000000	66099999	0.99999
Bd1	66100000	66199999	0.99716
Bd1	66200000	66299999	0.9977
Bd1	66300000	66399999	0.99952
Bd1	66400000	66499999	0.99902
Bd1	66500000	66599999	1
Bd1	66600000	66699999	0.99964
Bd1	66700000	66799999	0.99999
Bd1	66800000	66899999	0.99441
Bd1	66900000	66999999	0.99652
Bd1	67000000	67099999	0.99877
Bd1	67100000	67199999	0.99993
Bd1	67200000	67299999	0.99829
Bd1	67300000	67399999	1
Bd1	67400000	67499999	0.99915
Bd1	67500000	67599999	0.99623
Bd1	67600000	67699999	0.99995
Bd1	67700000	67799999	0.99992
Bd1	67800000	67899999	1
Bd1	67900000	67999999	0.99998
Bd1	68000000	68099999	0.99693
Bd1	68100000	68199999	0.97625
Bd1	68200000	68299999	0.99994
Bd1	68300000	68399999	0.99985
Bd1	68400000	68499999	1
Bd1	68500000	68599999	0.99386
Bd1	68600000	68699999	0.99945
Bd1	68700000	68799999	0.99997
Bd1	68800000	68899999	0.99796
Bd1	68900000	68999999	1
Bd1	69000000	69099999	0.99975
Bd1	69100000	69199999	0.99996
Bd1	69200000	69299999	0.99758
Bd1	69300000	69399999	0.99811
Bd1	69400000	69499999	0.99957
Bd1	69500000	69599999	0.9975
Bd1	69600000	69699999	0.99981
Bd1	69700000	69799999	0.99254
Bd1	69800000	69899999	0.99932
Bd1	69900000	69999999	0.9981
Bd1	70000000	70099999	0.99809
Bd1	70100000	70199999	0.99983
Bd1	70200000	70299999	0.99961
Bd1	70300000	70399999	0.99869
Bd1	70400000	70499999	0.99474
Bd1	70500000	70599999	0.99969
Bd1	70600000	70699999	0.99755
Bd1	70700000	70799999	1
Bd1	70800000	70899999	0.99826
Bd1	70900000	70999999	1
Bd1	71000000	71099999	0.99799
Bd1	71100000	71199999	0.96553
Bd1	71200000	71299999	0.96844
Bd1	71300000	71399999	0.99541
Bd1	71400000	71499999	0.99978
Bd1	71500000	71599999	0.99869
Bd1	71600000	71699999	0.99978
Bd1	71700000	71799999	0.99424
Bd1	71800000	71899999	1
Bd1	71900000	71999999	0.99996
Bd1	72000000	72099999	0.99988
Bd1	72100000	72199999	0.99793
Bd1	72200000	72299999	0.9988
Bd1	72300000	72399999	1
Bd1	72400000	72499999	0.99984
Bd1	72500000	72599999	0.9997
Bd1	72600000	72699999	0.99961
Bd1	72700000	72799999	0.99997
Bd1	72800000	72899999	1
Bd1	72900000	72999999	0.99982
Bd1	73000000	73099999	0.99775
Bd1	73100000	73199999	0.99794
Bd1	73200000	73299999	0.99983
Bd1	73300000	73399999	0.99999
Bd1	73400000	73499999	0.99945
Bd1	73500000	73599999	0.99772
Bd1	73600000	73699999	0.99873
Bd1	73700000	73799999	0.99988
Bd1	73800000	73899999	0.99999
Bd1	73900000	73999999	0.99999
Bd1	74000000	74099999	1
Bd1	74100000	74199999	1
Bd1	74200000	74299999	0.99969
Bd1	74300000	74399999	0.99758
Bd1	74400000	74499999	0.99947
Bd1	74500000	74599999	0.99993
Bd1	74600000	74699999	0.98391
Bd1	74700000	74799999	0.99999
Bd1	74800000	74899999	0.99944
Bd1	74900000	74999999	0.99525
Bd1	75000000	75099999	0
Bd2	0	99999	0.99805
Bd2	100000	199999	0.99796
Bd2	200000	299999	1
Bd2	300000	399999	0.99701
Bd2	400000	499999	0.99348
Bd2	500000	599999	0.99945
Bd2	600000	699999	1
Bd2	700000	799999	0.99845
Bd2	800000	899999	0.99882
Bd2	900000	999999	0.99721
Bd2	1000000	1099999	0.9999
Bd2	1100000	1199999	0.99938
Bd2	1200000	1299999	0.99942
Bd2	1300000	1399999	0.99987
Bd2	1400000	1499999	0.99788
Bd2	1500000	1599999	0.99892
Bd2	1600000	1699999	0.99999
Bd2	1700000	1799999	0.99926
Bd2	1800000	1899999	0.9998
Bd2	1900000	1999999	0.99901
Bd2	2000000	2099999	0.99826
Bd2	2100000	2199999	0.99489
Bd2	2200000	2299999	0.99741
Bd2	2300000	2399999	0.99521
Bd2	2400000	2499999	0.99994
Bd2	2500000	2599999	1
Bd2	2600000	2699999	0.99992
Bd2	2700000	2799999	0.998
Bd2	2800000	2899999	0.99818
Bd2	2900000	2999999	0.99863
Bd2	3000000	3099999	0.99818
Bd2	3100000	3199999	1
Bd2	3200000	3299999	0.99916
Bd2	3300000	3399999	0.99859
Bd2	3400000	3499999	0.9992
Bd2	3500000	3599999	0.99949
Bd2	3600000	3699999	0.98227
Bd2	3700000	3799999	0.99999
Bd2	3800000	3899999	0.99972
Bd2	3900000	3999999	0.99984
Bd2	4000000	4099999	0.99965
Bd2	4100000	4199999	0.98616
Bd2	4200000	4299999	0.99656
Bd2	4300000	4399999	0.99875
Bd2	4400000	4499999	0.99991
Bd2	4500000	4599999	0.99503
Bd2	4600000	4699999	0.9974
Bd2	4700000	4799999	1
Bd2	4800000	4899999	0.99688
Bd2	4900000	4999999	0.99925
Bd2	5000000	5099999	0.9997
Bd2	5100000	5199999	0.99892
Bd2	5200000	5299999	0.99978
Bd2	5300000	5399999	0.99997
Bd2	5400000	5499999	0.99995
Bd2	5500000	5599999	0.9955
Bd2	5600000	5699999	0.99484
Bd2	5700000	5799999	0.99761
Bd2	5800000	5899999	0.99851
Bd2	5900000	5999999	0.99411
Bd2	6000000	6099999	0.99848
Bd2	6100000	6199999	0.99999
Bd2	6200000	6299999	0.99041
Bd2	6300000	6399999	0.99673
Bd2	6400000	6499999	0.99976
Bd2	6500000	6599999	0.99622
Bd2	6600000	6699999	0.99933
Bd2	6700000	6799999	0.99375
Bd2	6800000	6899999	0.99815
Bd2	6900000	6999999	0.99711
Bd2	7000000	7099999	0.99887
Bd2	7100000	7199999	0.99885
Bd2	7200000	7299999	0.99315
Bd2	7300000	7399999	0.99935
Bd2	7400000	7499999	0.99977
Bd2	7500000	7599999	0.99916
Bd2	7600000	7699999	0.99736
Bd2	7700000	7799999	0.99336
Bd2	7800000	7899999	0.99929
Bd2	7900000	7999999	0.99781
Bd2	8000000	8099999	0.99685
Bd2	8100000	8199999	0.99756
Bd2	8200000	8299999	0.99995
Bd2	8300000	8399999	0.99702
Bd2	8400000	8499999	0.99799
Bd2	8500000	8599999	0.99689
Bd2	8600000	8699999	0.99981
Bd2	8700000	8799999	0.9946
Bd2	8800000	8899999	0.99601
Bd2	8900000	8999999	0.99989
Bd2	9000000	9099999	0.99996
Bd2	9100000	9199999	0.99981
Bd2	9200000	9299999	0.99999
Bd2	9300000	9399999	0.99362
Bd2	9400000	9499999	0.99952
Bd2	9500000	9599999	0.99954
Bd2	9600000	9699999	0.99993
Bd2	9700000	9799999	0.99977
Bd2	9800000	9899999	0.99363
Bd2	9900000	9999999	0.9941
Bd2	10000000	10099999	0.99948
Bd2	10100000	10199999	1
Bd2	10200000	10299999	0.99355
Bd2	10300000	10399999	0.9967
Bd2	10400000	10499999	0.99972
Bd2	10500000	10599999	0.99506
Bd2	10600000	10699999	1
Bd2	10700000	10799999	0.99729
Bd2	10800000	10899999	0.99684
Bd2	10900000	10999999	0.99995
Bd2	11000000	11099999	0.99963
Bd2	11100000	11199999	0.99953
Bd2	11200000	11299999	0.99908
Bd2	11300000	11399999	0.99301
Bd2	11400000	11499999	0.99897
Bd2	11500000	11599999	1
Bd2	11600000	11699999	0.99626
Bd2	11700000	11799999	0.99844
Bd2	11800000	11899999	0.99852
Bd2	11900000	11999999	0.98402
Bd2	12000000	12099999	0.99819
Bd2	12100000	12199999	0.99596
Bd2	12200000	12299999	0.99469
Bd2	12300000	12399999	0.99442
Bd2	12400000	12499999	0.99965
Bd2	12500000	12599999	0.99466
Bd2	12600000	12699999	0.98759
Bd2	12700000	12799999	0.9968
Bd2	12800000	12899999	0.99935
Bd2	12900000	12999999	0.99792
Bd2	13000000	13099999	0.99938
Bd2	13100000	13199999	0.99621
Bd2	13200000	13299999	0.99761
Bd2	13300000	13399999	0.99937
Bd2	13400000	13499999	0.99976
Bd2	13500000	13599999	0.96879
Bd2	13600000	13699999	0.99996
Bd2	13700000	13799999	0.99999
Bd2	13800000	13899999	1
Bd2	13900000	13999999	0.99956
Bd2	14000000	14099999	0.99627
Bd2	14100000	14199999	0.99935
Bd2	14200000	14299999	0.99869
Bd2	14300000	14399999	0.99628
Bd2	14400000	14499999	0.99705
Bd2	14500000	14599999	1
Bd2	14600000	14699999	0.99916
Bd2	14700000	14799999	0.99792
Bd2	14800000	14899999	0.98815
Bd2	14900000	14999999	0.99093
Bd2	15000000	15099999	0.98545
Bd2	15100000	15199999	0.99361
Bd2	15200000	15299999	0.99832
Bd2	15300000	15399999	0.99829
Bd2	15400000	15499999	0.99745
Bd2	15500000	15599999	0.99532
Bd2	15600000	15699999	0.99675
Bd2	15700000	15799999	0.99486
Bd2	15800000	15899999	0.99993
Bd2	15900000	15999999	0.99869
Bd2	16000000	16099999	1
Bd2	16100000	16199999	0.99967
Bd2	16200000	16299999	0.99358
Bd2	16300000	16399999	0.98712
Bd2	16400000	16499999	0.99644
Bd2	16500000	16599999	0.99859
Bd2	16600000	16699999	0.99979
Bd2	16700000	16799999	0.99859
Bd2	16800000	16899999	0.99912
Bd2	16900000	16999999	0.99889
Bd2	17000000	17099999	0.99854
Bd2	17100000	17199999	0.99994
Bd2	17200000	17299999	0.99911
Bd2	17300000	17399999	0.99704
Bd2	17400000	17499999	0.99948
Bd2	17500000	17599999	0.99999
Bd2	17600000	17699999	0.99602
Bd2	17700000	17799999	0.9983
Bd2	17800000	17899999	0.99382
Bd2	17900000	17999999	0.99989
Bd2	18000000	18099999	0.9991
Bd2	18100000	18199999	0.99944
Bd2	18200000	18299999	1
Bd2	18300000	18399999	0.99982
Bd2	18400000	18499999	0.99406
Bd2	18500000	18599999	0.99614
Bd2	18600000	18699999	0.99699
Bd2	18700000	18799999	0.996
Bd2	18800000	18899999	0.98552
Bd2	18900000	18999999	0.99393
Bd2	19000000	19099999	0.9797
Bd2	19100000	19199999	0.99651
Bd2	19200000	19299999	0.99745
Bd2	19300000	19399999	0.99262
Bd2	19400000	19499999	0.99866
Bd2	19500000	19599999	0.98201
Bd2	19600000	19699999	0.99744
Bd2	19700000	19799999	0.99948
Bd2	19800000	19899999	0.99872
Bd2	19900000	19999999	0.99733
Bd2	20000000	20099999	0.99688
Bd2	20100000	20199999	0.99602
Bd2	20200000	20299999	0.99999
Bd2	20300000	20399999	0.99608
Bd2	20400000	20499999	0.99248
Bd2	20500000	20599999	0.99998
Bd2	20600000	20699999	0.99608
Bd2	20700000	20799999	0.9983
Bd2	20800000	20899999	0.99965
Bd2	20900000	20999999	0.99991
Bd2	21000000	21099999	0.99444
Bd2	21100000	21199999	0.99753
Bd2	21200000	21299999	0.99601
Bd2	21300000	21399999	0.99792
Bd2	21400000	21499999	0.99713
Bd2	21500000	21599999	0.99731
Bd2	21600000	21699999	0.99757
Bd2	21700000	21799999	0.99315
Bd2	21800000	21899999	0.99624
Bd2	21900000	21999999	0.99971
Bd2	22000000	22099999	0.99998
Bd2	22100000	22199999	0.99993
Bd2	22200000	22299999	0.99618
Bd2	22300000	22399999	0.9854
Bd2	22400000	22499999	0.98506
Bd2	22500000	22599999	0.99566
Bd2	22600000	22699999	0.99675
Bd2	22700000	22799999	0.99997
Bd2	22800000	22899999	0.9992
Bd2	22900000	22999999	0.99416
Bd2	23000000	23099999	0.98861
Bd2	23100000	23199999	0.99189
Bd2	23200000	23299999	0.99493
Bd2	23300000	23399999	0.995
Bd2	23400000	23499999	1
Bd2	23500000	23599999	0.99994
Bd2	23600000	23699999	0.99455
Bd2	23700000	23799999	0.99851
Bd2	23800000	23899999	0.99399
Bd2	23900000	23999999	0.99745
Bd2	24000000	24099999	0.99656
Bd2	24100000	24199999	0.98177
Bd2	24200000	24299999	0.99909
Bd2	24300000	24399999	0.99617
Bd2	24400000	24499999	0.99352
Bd2	24500000	24599999	0.99997
Bd2	24600000	24699999	0.9989
Bd2	24700000	24799999	0.99415
Bd2	24800000	24899999	0.99692
Bd2	24900000	24999999	0.997
Bd2	25000000	25099999	0.98911
Bd2	25100000	25199999	0.99262
Bd2	25200000	25299999	0.99783
Bd2	25300000	25399999	0.99663
Bd2	25400000	25499999	0.99996
Bd2	25500000	25599999	0.99606
Bd2	25600000	25699999	0.99793
Bd2	25700000	25799999	0.99999
Bd2	25800000	25899999	0.99194
Bd2	25900000	25999999	0.99968
Bd2	26000000	26099999	0.97847
Bd2	26100000	26199999	0.99222
Bd2	26200000	26299999	0.99723
Bd2	26300000	26399999	0.96734
Bd2	26400000	26499999	0.99069
Bd2	26500000	26599999	0.99964
Bd2	26600000	26699999	0.99501
Bd2	26700000	26799999	0.99955
Bd2	26800000	26899999	0.9986
Bd2	26900000	26999999	0.99809
Bd2	27000000	27099999	0.99705
Bd2	27100000	27199999	0.99863
Bd2	27200000	27299999	0.99929
Bd2	27300000	27399999	0.99845
Bd2	27400000	27499999	0.97902
Bd2	27500000	27599999	0.9831
Bd2	27600000	27699999	0.99728
Bd2	27700000	27799999	0.99317
Bd2	27800000	27899999	0.99608
Bd2	27900000	27999999	0.99158
Bd2	28000000	28099999	0.99056
Bd2	28100000	28199999	0.99121
Bd2	28200000	28299999	0.9956
Bd2	28300000	28399999	0.99691
Bd2	28400000	28499999	0.98939
Bd2	28500000	28599999	0.9897
Bd2	28600000	28699999	0.98741
Bd2	28700000	28799999	0.9911
Bd2	28800000	28899999	0.06899
Bd2	28900000	28999999	0.9248
Bd2	29000000	29099999	0.98699
Bd2	29100000	29199999	0.99511
Bd2	29200000	29299999	0.99842
Bd2	29300000	29399999	0.98752
Bd2	29400000	29499999	0.99719
Bd2	29500000	29599999	0.98358
Bd2	29600000	29699999	0.98535
Bd2	29700000	29799999	0.9956
Bd2	29800000	29899999	0.99657
Bd2	29900000	29999999	1
Bd2	30000000	30099999	0.97614
Bd2	30100000	30199999	0.99772
Bd2	30200000	30299999	0.99386
Bd2	30300000	30399999	0.98271
Bd2	30400000	30499999	0.97693
Bd2	30500000	30599999	0.9981
Bd2	30600000	30699999	0.97363
Bd2	30700000	30799999	0.99995
Bd2	30800000	30899999	0.98999
Bd2	30900000	30999999	0.99918
Bd2	31000000	31099999	0.99308
Bd2	31100000	31199999	0.99964
Bd2	31200000	31299999	0.99443
Bd2	31300000	31399999	0.99982
Bd2	31400000	31499999	0.99952
Bd2	31500000	31599999	0.99678
Bd2	31600000	31699999	0.99381
Bd2	31700000	31799999	0.99854
Bd2	31800000	31899999	0.99231
Bd2	31900000	31999999	0.99977
Bd2	32000000	32099999	0.99876
Bd2	32100000	32199999	0.99317
Bd2	32200000	32299999	0.9995
Bd2	32300000	32399999	0.99024
Bd2	32400000	32499999	0.98668
Bd2	32500000	32599999	0.99438
Bd2	32600000	32699999	0.99111
Bd2	32700000	32799999	0.99835
Bd2	32800000	32899999	0.99996
Bd2	32900000	32999999	0.99458
Bd2	33000000	33099999	0.99087
Bd2	33100000	33199999	0.99752
Bd2	33200000	33299999	0.99799
Bd2	33300000	33399999	0.99977
Bd2	33400000	33499999	0.99751
Bd2	33500000	33599999	0.9985
Bd2	33600000	33699999	0.98758
Bd2	33700000	33799999	0.99495
Bd2	33800000	33899999	0.99713
Bd2	33900000	33999999	0.99944
Bd2	34000000	34099999	1
Bd2	34100000	34199999	0.99897
Bd2	34200000	34299999	0.99759
Bd2	34300000	34399999	1
Bd2	34400000	34499999	0.9995
Bd2	34500000	34599999	0.99967
Bd2	34600000	34699999	0.99998
Bd2	34700000	34799999	0.99966
Bd2	34800000	34899999	0.99886
Bd2	34900000	34999999	0.99998
Bd2	35000000	35099999	0.99503
Bd2	35100000	35199999	0.99993
Bd2	35200000	35299999	0.9994
Bd2	35300000	35399999	0.99489
Bd2	35400000	35499999	0.9981
Bd2	35500000	35599999	0.99549
Bd2	35600000	35699999	0.99984
Bd2	35700000	35799999	0.9973
Bd2	35800000	35899999	0.99909
Bd2	35900000	35999999	0.99785
Bd2	36000000	36099999	0.99998
Bd2	36100000	36199999	0.99721
Bd2	36200000	36299999	0.99527
Bd2	36300000	36399999	0.99809
Bd2	36400000	36499999	0.99999
Bd2	36500000	36599999	0.9983
Bd2	36600000	36699999	0.99536
Bd2	36700000	36799999	0.99734
Bd2	36800000	36899999	0.99939
Bd2	36900000	36999999	0.99994
Bd2	37000000	37099999	0.99804
Bd2	37100000	37199999	0.99923
Bd2	37200000	37299999	0.99858
Bd2	37300000	37399999	1
Bd2	37400000	37499999	0.99976
Bd2	37500000	37599999	0.99937
Bd2	37600000	37699999	1
Bd2	37700000	37799999	0.9982
Bd2	37800000	37899999	0.99591
Bd2	37900000	37999999	0.99875
Bd2	38000000	38099999	0.9956
Bd2	38100000	38199999	0.98921
Bd2	38200000	38299999	1
Bd2	38300000	38399999	0.99998
Bd2	38400000	38499999	0.99701
Bd2	38500000	38599999	0.99762
Bd2	38600000	38699999	0.99727
Bd2	38700000	38799999	0.99996
Bd2	38800000	38899999	0.99992
Bd2	38900000	38999999	0.99973
Bd2	39000000	39099999	0.99883
Bd2	39100000	39199999	0.99933
Bd2	39200000	39299999	0.99998
Bd2	39300000	39399999	0.96793
Bd2	39400000	39499999	0.9805
Bd2	39500000	39599999	0.9997
Bd2	39600000	39699999	0.9998
Bd2	39700000	39799999	0.9999
Bd2	39800000	39899999	0.98905
Bd2	39900000	39999999	0.97656
Bd2	40000000	40099999	0.97634
Bd2	40100000	40199999	0.98732
Bd2	40200000	40299999	0.98642
Bd2	40300000	40399999	0.99817
Bd2	40400000	40499999	0.98218
Bd2	40500000	40599999	0.99967
Bd2	40600000	40699999	0.99074
Bd2	40700000	40799999	0.99906
Bd2	40800000	40899999	0.99949
Bd2	40900000	40999999	0.99722
Bd2	41000000	41099999	1
Bd2	41100000	41199999	0.99977
Bd2	41200000	41299999	0.99997
Bd2	41300000	41399999	0.98182
Bd2	41400000	41499999	0.99776
Bd2	41500000	41599999	0.99874
Bd2	41600000	41699999	0.98798
Bd2	41700000	41799999	0.99763
Bd2	41800000	41899999	0.99976
Bd2	41900000	41999999	0.99766
Bd2	42000000	42099999	0.99675
Bd2	42100000	42199999	0.99829
Bd2	42200000	42299999	0.99993
Bd2	42300000	42399999	0.99999
Bd2	42400000	42499999	0.99959
Bd2	42500000	42599999	0.99807
Bd2	42600000	42699999	0.98028
Bd2	42700000	42799999	0.99998
Bd2	42800000	42899999	0.99679
Bd2	42900000	42999999	0.99977
Bd2	43000000	43099999	0.99537
Bd2	43100000	43199999	0.99012
Bd2	43200000	43299999	0.99839
Bd2	43300000	43399999	0.99933
Bd2	43400000	43499999	0.99999
Bd2	43500000	43599999	0.99971
Bd2	43600000	43699999	0.98382
Bd2	43700000	43799999	0.99802
Bd2	43800000	43899999	1
Bd2	43900000	43999999	1
Bd2	44000000	44099999	0.99992
Bd2	44100000	44199999	0.99424
Bd2	44200000	44299999	0.99992
Bd2	44300000	44399999	0.99964
Bd2	44400000	44499999	0.99949
Bd2	44500000	44599999	0.99708
Bd2	44600000	44699999	0.99916
Bd2	44700000	44799999	0.9987
Bd2	44800000	44899999	0.95884
Bd2	44900000	44999999	0.99204
Bd2	45000000	45099999	0.99933
Bd2	45100000	45199999	0.99988
Bd2	45200000	45299999	0.9997
Bd2	45300000	45399999	1
Bd2	45400000	45499999	0.99837
Bd2	45500000	45599999	0.99999
Bd2	45600000	45699999	0.99692
Bd2	45700000	45799999	0.99784
Bd2	45800000	45899999	0.99189
Bd2	45900000	45999999	0.99992
Bd2	46000000	46099999	0.99998
Bd2	46100000	46199999	0.99371
Bd2	46200000	46299999	0.99987
Bd2	46300000	46399999	0.99987
Bd2	46400000	46499999	0.99998
Bd2	46500000	46599999	0.97997
Bd2	46600000	46699999	0.99993
Bd2	46700000	46799999	0.99998
Bd2	46800000	46899999	0.99997
Bd2	46900000	46999999	0.99853
Bd2	47000000	47099999	0.9995
Bd2	47100000	47199999	1
Bd2	47200000	47299999	0.98394
Bd2	47300000	47399999	0.99782
Bd2	47400000	47499999	0.99896
Bd2	47500000	47599999	0.99733
Bd2	47600000	47699999	0.98907
Bd2	47700000	47799999	0.9999
Bd2	47800000	47899999	1
Bd2	47900000	47999999	0.99961
Bd2	48000000	48099999	0.99999
Bd2	48100000	48199999	0.99526
Bd2	48200000	48299999	0.99721
Bd2	48300000	48399999	0.99822
Bd2	48400000	48499999	0.99833
Bd2	48500000	48599999	0.99547
Bd2	48600000	48699999	0.99992
Bd2	48700000	48799999	1
Bd2	48800000	48899999	0.99998
Bd2	48900000	48999999	0.99603
Bd2	49000000	49099999	0.99987
Bd2	49100000	49199999	0.99999
Bd2	49200000	49299999	0.99567
Bd2	49300000	49399999	1
Bd2	49400000	49499999	0.99955
Bd2	49500000	49599999	0.99964
Bd2	49600000	49699999	0.9959
Bd2	49700000	49799999	0.99718
Bd2	49800000	49899999	0.99995
Bd2	49900000	49999999	0.99977
Bd2	50000000	50099999	0.99781
Bd2	50100000	50199999	0.99998
Bd2	50200000	50299999	0.9997
Bd2	50300000	50399999	0.99986
Bd2	50400000	50499999	0.99999
Bd2	50500000	50599999	0.99954
Bd2	50600000	50699999	0.99144
Bd2	50700000	50799999	0.99755
Bd2	50800000	50899999	1
Bd2	50900000	50999999	1
Bd2	51000000	51099999	0.99994
Bd2	51100000	51199999	0.99948
Bd2	51200000	51299999	0.9997
Bd2	51300000	51399999	0.9981
Bd2	51400000	51499999	0.99919
Bd2	51500000	51599999	0.9987
Bd2	51600000	51699999	1
Bd2	51700000	51799999	0.99929
Bd2	51800000	51899999	0.99995
Bd2	51900000	51999999	1
Bd2	52000000	52099999	0.99971
Bd2	52100000	52199999	0.99865
Bd2	52200000	52299999	0.99998
Bd2	52300000	52399999	0.99513
Bd2	52400000	52499999	0.99876
Bd2	52500000	52599999	0.99964
Bd2	52600000	52699999	0.99989
Bd2	52700000	52799999	0.99981
Bd2	52800000	52899999	0.99961
Bd2	52900000	52999999	0.99998
Bd2	53000000	53099999	0.9993
Bd2	53100000	53199999	0.99654
Bd2	53200000	53299999	0.99834
Bd2	53300000	53399999	1
Bd2	53400000	53499999	0.99999
Bd2	53500000	53599999	0.99961
Bd2	53600000	53699999	0.99995
Bd2	53700000	53799999	0.99999
Bd2	53800000	53899999	0.99996
Bd2	53900000	53999999	0.99768
Bd2	54000000	54099999	0.9991
Bd2	54100000	54199999	0.99901
Bd2	54200000	54299999	0.99995
Bd2	54300000	54399999	0.99776
Bd2	54400000	54499999	0.99922
Bd2	54500000	54599999	0.99977
Bd2	54600000	54699999	0.99995
Bd2	54700000	54799999	0.99999
Bd2	54800000	54899999	0.99975
Bd2	54900000	54999999	0.99846
Bd2	55000000	55099999	0.99591
Bd2	55100000	55199999	1
Bd2	55200000	55299999	0.99703
Bd2	55300000	55399999	0.99751
Bd2	55400000	55499999	0.99968
Bd2	55500000	55599999	0.99997
Bd2	55600000	55699999	1
Bd2	55700000	55799999	0.99987
Bd2	55800000	55899999	1
Bd2	55900000	55999999	0.99992
Bd2	56000000	56099999	0.99978
Bd2	56100000	56199999	0.99687
Bd2	56200000	56299999	1
Bd2	56300000	56399999	0.99988
Bd2	56400000	56499999	0.99951
Bd2	56500000	56599999	0.99988
Bd2	56600000	56699999	1
Bd2	56700000	56799999	1
Bd2	56800000	56899999	0.99927
Bd2	56900000	56999999	0.9999
Bd2	57000000	57099999	0.99999
Bd2	57100000	57199999	0.99853
Bd2	57200000	57299999	0.99895
Bd2	57300000	57399999	0.99998
Bd2	57400000	57499999	0.99943
Bd2	57500000	57599999	0.99985
Bd2	57600000	57699999	0.99995
Bd2	57700000	57799999	1
Bd2	57800000	57899999	0.9999
Bd2	57900000	57999999	0.99985
Bd2	58000000	58099999	0.99986
Bd2	58100000	58199999	0.99567
Bd2	58200000	58299999	0.99961
Bd2	58300000	58399999	0.99994
Bd2	58400000	58499999	0.99979
Bd2	58500000	58599999	0.99998
Bd2	58600000	58699999	1
Bd2	58700000	58799999	1
Bd2	58800000	58899999	0.99736
Bd2	58900000	58999999	0.99973
Bd2	59000000	59099999	1
Bd2	59100000	59199999	0
Bd3	0	99999	0.9956
Bd3	100000	199999	1
Bd3	200000	299999	0.99792
Bd3	300000	399999	0.99989
Bd3	400000	499999	0.99999
Bd3	500000	599999	0.99797
Bd3	600000	699999	0.99812
Bd3	700000	799999	0.99911
Bd3	800000	899999	0.99997
Bd3	900000	999999	0.99972
Bd3	1000000	1099999	1
Bd3	1100000	1199999	1
Bd3	1200000	1299999	0.99931
Bd3	1300000	1399999	1
Bd3	1400000	1499999	0.9991
Bd3	1500000	1599999	0.99987
Bd3	1600000	1699999	0.99958
Bd3	1700000	1799999	0.99788
Bd3	1800000	1899999	0.999
Bd3	1900000	1999999	0.99936
Bd3	2000000	2099999	0.99825
Bd3	2100000	2199999	1
Bd3	2200000	2299999	0.99979
Bd3	2300000	2399999	0.99991
Bd3	2400000	2499999	0.99858
Bd3	2500000	2599999	1
Bd3	2600000	2699999	1
Bd3	2700000	2799999	0.99751
Bd3	2800000	2899999	0.99646
Bd3	2900000	2999999	0.99772
Bd3	3000000	3099999	0.99988
Bd3	3100000	3199999	0.99999
Bd3	3200000	3299999	1
Bd3	3300000	3399999	0.99926
Bd3	3400000	3499999	0.99949
Bd3	3500000	3599999	0.9985
Bd3	3600000	3699999	0.97453
Bd3	3700000	3799999	0.99816
Bd3	3800000	3899999	1
Bd3	3900000	3999999	0.99959
Bd3	4000000	4099999	0.99889
Bd3	4100000	4199999	0.99931
Bd3	4200000	4299999	0.99497
Bd3	4300000	4399999	0.99836
Bd3	4400000	4499999	0.9996
Bd3	4500000	4599999	0.99619
Bd3	4600000	4699999	0.99989
Bd3	4700000	4799999	0.99998
Bd3	4800000	4899999	0.99547
Bd3	4900000	4999999	0.99343
Bd3	5000000	5099999	0.99893
Bd3	5100000	5199999	0.99983
Bd3	5200000	5299999	0.99933
Bd3	5300000	5399999	0.99988
Bd3	5400000	5499999	1
Bd3	5500000	5599999	0.99551
Bd3	5600000	5699999	0.99045
Bd3	5700000	5799999	0.9984
Bd3	5800000	5899999	0.99348
Bd3	5900000	5999999	0.99821
Bd3	6000000	6099999	0.99981
Bd3	6100000	6199999	0.99906
Bd3	6200000	6299999	0.9987
Bd3	6300000	6399999	1
Bd3	6400000	6499999	0.9997
Bd3	6500000	6599999	0.99874
Bd3	6600000	6699999	0.9991
Bd3	6700000	6799999	0.99837
Bd3	6800000	6899999	0.99997
Bd3	6900000	6999999	0.99995
Bd3	7000000	7099999	1
Bd3	7100000	7199999	0.99982
Bd3	7200000	7299999	0.99718
Bd3	7300000	7399999	0.99571
Bd3	7400000	7499999	0.99995
Bd3	7500000	7599999	0.99996
Bd3	7600000	7699999	0.99671
Bd3	7700000	7799999	0.99764
Bd3	7800000	7899999	0.99825
Bd3	7900000	7999999	0.99979
Bd3	8000000	8099999	0.9989
Bd3	8100000	8199999	0.99955
Bd3	8200000	8299999	0.99763
Bd3	8300000	8399999	0.9999
Bd3	8400000	8499999	0.99982
Bd3	8500000	8599999	0.99798
Bd3	8600000	8699999	0.9988
Bd3	8700000	8799999	0.99705
Bd3	8800000	8899999	0.99563
Bd3	8900000	8999999	0.99901
Bd3	9000000	9099999	0.99938
Bd3	9100000	9199999	0.99683
Bd3	9200000	9299999	0.99999
Bd3	9300000	9399999	0.98607
Bd3	9400000	9499999	0.98975
Bd3	9500000	9599999	0.99985
Bd3	9600000	9699999	1
Bd3	9700000	9799999	0.9988
Bd3	9800000	9899999	0.99607
Bd3	9900000	9999999	0.98845
Bd3	10000000	10099999	0.99622
Bd3	10100000	10199999	0.99268
Bd3	10200000	10299999	0.99088
Bd3	10300000	10399999	0.96296
Bd3	10400000	10499999	0.98363
Bd3	10500000	10599999	0.98142
Bd3	10600000	10699999	0.97512
Bd3	10700000	10799999	0.99119
Bd3	10800000	10899999	0.98687
Bd3	10900000	10999999	0.9872
Bd3	11000000	11099999	0.96995
Bd3	11100000	11199999	0.98835
Bd3	11200000	11299999	0.99574
Bd3	11300000	11399999	0.98864
Bd3	11400000	11499999	0.99811
Bd3	11500000	11599999	0.99657
Bd3	11600000	11699999	1
Bd3	11700000	11799999	1
Bd3	11800000	11899999	0.99998
Bd3	11900000	11999999	0.99581
Bd3	12000000	12099999	0.99259
Bd3	12100000	12199999	0.99979
Bd3	12200000	12299999	0.99551
Bd3	12300000	12399999	0.99965
Bd3	12400000	12499999	0.99759
Bd3	12500000	12599999	0.99765
Bd3	12600000	12699999	0.99938
Bd3	12700000	12799999	0.99878
Bd3	12800000	12899999	0.99815
Bd3	12900000	12999999	0.99991
Bd3	13000000	13099999	0.99551
Bd3	13100000	13199999	0.99354
Bd3	13200000	13299999	0.99997
Bd3	13300000	13399999	0.99999
Bd3	13400000	13499999	0.99266
Bd3	13500000	13599999	0.99979
Bd3	13600000	13699999	0.97821
Bd3	13700000	13799999	0.9819
Bd3	13800000	13899999	0.99719
Bd3	13900000	13999999	0.99694
Bd3	14000000	14099999	0.9995
Bd3	14100000	14199999	0.99877
Bd3	14200000	14299999	1
Bd3	14300000	14399999	0.9894
Bd3	14400000	14499999	0.99975
Bd3	14500000	14599999	0.99598
Bd3	14600000	14699999	0.99997
Bd3	14700000	14799999	0.99708
Bd3	14800000	14899999	0.99985
Bd3	14900000	14999999	0.99698
Bd3	15000000	15099999	0.99913
Bd3	15100000	15199999	0.99987
Bd3	15200000	15299999	0.99963
Bd3	15300000	15399999	0.99486
Bd3	15400000	15499999	0.99215
Bd3	15500000	15599999	0.98132
Bd3	15600000	15699999	0.98702
Bd3	15700000	15799999	0.99559
Bd3	15800000	15899999	0.99627
Bd3	15900000	15999999	0.99747
Bd3	16000000	16099999	0.99855
Bd3	16100000	16199999	0.99703
Bd3	16200000	16299999	0.99732
Bd3	16300000	16399999	0.99833
Bd3	16400000	16499999	0.99819
Bd3	16500000	16599999	0.99678
Bd3	16600000	16699999	0.99086
Bd3	16700000	16799999	0.99081
Bd3	16800000	16899999	0.99928
Bd3	16900000	16999999	0.99608
Bd3	17000000	17099999	0.98937
Bd3	17100000	17199999	0.9957
Bd3	17200000	17299999	0.99612
Bd3	17300000	17399999	0.99647
Bd3	17400000	17499999	0.99891
Bd3	17500000	17599999	0.99735
Bd3	17600000	17699999	0.99957
Bd3	17700000	17799999	0.99695
Bd3	17800000	17899999	0.99796
Bd3	17900000	17999999	0.99398
Bd3	18000000	18099999	0.98218
Bd3	18100000	18199999	0.99997
Bd3	18200000	18299999	0.99569
Bd3	18300000	18399999	0.99752
Bd3	18400000	18499999	0.98778
Bd3	18500000	18599999	0.99949
Bd3	18600000	18699999	0.99718
Bd3	18700000	18799999	1
Bd3	18800000	18899999	0.99628
Bd3	18900000	18999999	0.99875
Bd3	19000000	19099999	0.9989
Bd3	19100000	19199999	0.99886
Bd3	19200000	19299999	0.99707
Bd3	19300000	19399999	0.99696
Bd3	19400000	19499999	0.9981
Bd3	19500000	19599999	0.99866
Bd3	19600000	19699999	0.99836
Bd3	19700000	19799999	0.99697
Bd3	19800000	19899999	0.99403
Bd3	19900000	19999999	0.99988
Bd3	20000000	20099999	0.99577
Bd3	20100000	20199999	0.99939
Bd3	20200000	20299999	0.99816
Bd3	20300000	20399999	0.999
Bd3	20400000	20499999	0.99988
Bd3	20500000	20599999	0.9992
Bd3	20600000	20699999	0.99753
Bd3	20700000	20799999	0.9998
Bd3	20800000	20899999	0.99729
Bd3	20900000	20999999	0.99529
Bd3	21000000	21099999	0.99677
Bd3	21100000	21199999	0.99652
Bd3	21200000	21299999	0.99574
Bd3	21300000	21399999	0.99678
Bd3	21400000	21499999	0.99999
Bd3	21500000	21599999	0.99917
Bd3	21600000	21699999	0.99511
Bd3	21700000	21799999	0.99531
Bd3	21800000	21899999	0.99862
Bd3	21900000	21999999	0.99923
Bd3	22000000	22099999	0.99908
Bd3	22100000	22199999	1
Bd3	22200000	22299999	0.99511
Bd3	22300000	22399999	0.99591
Bd3	22400000	22499999	0.9981
Bd3	22500000	22599999	0.99133
Bd3	22600000	22699999	0.99684
Bd3	22700000	22799999	0.9977
Bd3	22800000	22899999	0.99325
Bd3	22900000	22999999	0.99633
Bd3	23000000	23099999	0.99521
Bd3	23100000	23199999	0.99754
Bd3	23200000	23299999	0.99022
Bd3	23300000	23399999	0.9951
Bd3	23400000	23499999	0.98641
Bd3	23500000	23599999	0.99144
Bd3	23600000	23699999	0.99403
Bd3	23700000	23799999	0.97585
Bd3	23800000	23899999	0.99398
Bd3	23900000	23999999	0.98701
Bd3	24000000	24099999	0.98824
Bd3	24100000	24199999	0.98906
Bd3	24200000	24299999	0.98911
Bd3	24300000	24399999	0.99404
Bd3	24400000	24499999	0.99721
Bd3	24500000	24599999	0.99404
Bd3	24600000	24699999	0.99297
Bd3	24700000	24799999	0.99729
Bd3	24800000	24899999	0.99866
Bd3	24900000	24999999	0.99536
Bd3	25000000	25099999	0.99065
Bd3	25100000	25199999	0.99331
Bd3	25200000	25299999	0.56295
Bd3	25300000	25399999	0.42904
Bd3	25400000	25499999	0.99114
Bd3	25500000	25599999	0.99428
Bd3	25600000	25699999	0.99388
Bd3	25700000	25799999	0.99535
Bd3	25800000	25899999	0.99298
Bd3	25900000	25999999	0.99615
Bd3	26000000	26099999	0.99836
Bd3	26100000	26199999	0.99582
Bd3	26200000	26299999	0.99656
Bd3	26300000	26399999	0.9915
Bd3	26400000	26499999	0.98925
Bd3	26500000	26599999	0.99963
Bd3	26600000	26699999	0.99883
Bd3	26700000	26799999	0.99
Bd3	26800000	26899999	0.9995
Bd3	26900000	26999999	0.99014
Bd3	27000000	27099999	0.99495
Bd3	27100000	27199999	0.99555
Bd3	27200000	27299999	0.99948
Bd3	27300000	27399999	0.99883
Bd3	27400000	27499999	0.99997
Bd3	27500000	27599999	0.98869
Bd3	27600000	27699999	0.99239
Bd3	27700000	27799999	0.99983
Bd3	27800000	27899999	0.99271
Bd3	27900000	27999999	0.99497
Bd3	28000000	28099999	0.99701
Bd3	28100000	28199999	0.99964
Bd3	28200000	28299999	0.99189
Bd3	28300000	28399999	1
Bd3	28400000	28499999	0.99213
Bd3	28500000	28599999	0.99728
Bd3	28600000	28699999	0.99258
Bd3	28700000	28799999	0.99923
Bd3	28800000	28899999	0.99992
Bd3	28900000	28999999	0.99599
Bd3	29000000	29099999	0.9877
Bd3	29100000	29199999	0.99448
Bd3	29200000	29299999	0.99534
Bd3	29300000	29399999	0.99939
Bd3	29400000	29499999	0.99479
Bd3	29500000	29599999	0.9999
Bd3	29600000	29699999	0.99582
Bd3	29700000	29799999	0.99372
Bd3	29800000	29899999	0.99864
Bd3	29900000	29999999	0.99127
Bd3	30000000	30099999	0.99963
Bd3	30100000	30199999	0.98751
Bd3	30200000	30299999	0.99158
Bd3	30300000	30399999	0.98934
Bd3	30400000	30499999	0.99956
Bd3	30500000	30599999	0.99771
Bd3	30600000	30699999	0.99514
Bd3	30700000	30799999	0.99169
Bd3	30800000	30899999	0.99995
Bd3	30900000	30999999	0.99398
Bd3	31000000	31099999	0.99822
Bd3	31100000	31199999	0.9978
Bd3	31200000	31299999	1
Bd3	31300000	31399999	0.99778
Bd3	31400000	31499999	0.99648
Bd3	31500000	31599999	0.99957
Bd3	31600000	31699999	0.99997
Bd3	31700000	31799999	0.9983
Bd3	31800000	31899999	0.99751
Bd3	31900000	31999999	0.99771
Bd3	32000000	32099999	0.9969
Bd3	32100000	32199999	0.89725
Bd3	32200000	32299999	0.99202
Bd3	32300000	32399999	0.99412
Bd3	32400000	32499999	0.99983
Bd3	32500000	32599999	0.98687
Bd3	32600000	32699999	0.99982
Bd3	32700000	32799999	0.99829
Bd3	32800000	32899999	0.99992
Bd3	32900000	32999999	0.99195
Bd3	33000000	33099999	0.99629
Bd3	33100000	33199999	0.98168
Bd3	33200000	33299999	0.98973
Bd3	33300000	33399999	0.99566
Bd3	33400000	33499999	0.99037
Bd3	33500000	33599999	0.99469
Bd3	33600000	33699999	0.99582
Bd3	33700000	33799999	0.9987
Bd3	33800000	33899999	0.99895
Bd3	33900000	33999999	1
Bd3	34000000	34099999	0.99078
Bd3	34100000	34199999	0.99679
Bd3	34200000	34299999	0.9909
Bd3	34300000	34399999	0.9957
Bd3	34400000	34499999	0.999
Bd3	34500000	34599999	1
Bd3	34600000	34699999	0.99974
Bd3	34700000	34799999	0.99655
Bd3	34800000	34899999	0.99308
Bd3	34900000	34999999	0.99637
Bd3	35000000	35099999	0.99378
Bd3	35100000	35199999	0.9949
Bd3	35200000	35299999	1
Bd3	35300000	35399999	1
Bd3	35400000	35499999	0.99679
Bd3	35500000	35599999	0.99632
Bd3	35600000	35699999	1
Bd3	35700000	35799999	0.99989
Bd3	35800000	35899999	0.99853
Bd3	35900000	35999999	0.99619
Bd3	36000000	36099999	0.99976
Bd3	36100000	36199999	0.99658
Bd3	36200000	36299999	0.99999
Bd3	36300000	36399999	0.99858
Bd3	36400000	36499999	0.99475
Bd3	36500000	36599999	0.99999
Bd3	36600000	36699999	0.99998
Bd3	36700000	36799999	0.99945
Bd3	36800000	36899999	0.99584
Bd3	36900000	36999999	0.998
Bd3	37000000	37099999	0.99936
Bd3	37100000	37199999	0.99989
Bd3	37200000	37299999	0.99658
Bd3	37300000	37399999	0.99997
Bd3	37400000	37499999	0.99734
Bd3	37500000	37599999	0.99767
Bd3	37600000	37699999	0.99777
Bd3	37700000	37799999	0.99825
Bd3	37800000	37899999	0.99364
Bd3	37900000	37999999	0.99571
Bd3	38000000	38099999	0.99606
Bd3	38100000	38199999	0.98377
Bd3	38200000	38299999	0.99907
Bd3	38300000	38399999	0.99488
Bd3	38400000	38499999	0.99812
Bd3	38500000	38599999	0.99759
Bd3	38600000	38699999	0.99491
Bd3	38700000	38799999	0.99851
Bd3	38800000	38899999	0.99904
Bd3	38900000	38999999	0.99999
Bd3	39000000	39099999	0.9997
Bd3	39100000	39199999	0.9999
Bd3	39200000	39299999	0.98726
Bd3	39300000	39399999	0.99689
Bd3	39400000	39499999	0.99727
Bd3	39500000	39599999	0.99638
Bd3	39600000	39699999	0.99283
Bd3	39700000	39799999	1
Bd3	39800000	39899999	0.99823
Bd3	39900000	39999999	0.97148
Bd3	40000000	40099999	1
Bd3	40100000	40199999	0.98481
Bd3	40200000	40299999	0.9991
Bd3	40300000	40399999	0.99859
Bd3	40400000	40499999	0.9937
Bd3	40500000	40599999	0.9967
Bd3	40600000	40699999	0.99875
Bd3	40700000	40799999	0.99847
Bd3	40800000	40899999	0.99647
Bd3	40900000	40999999	0.99827
Bd3	41000000	41099999	0.99999
Bd3	41100000	41199999	0.99889
Bd3	41200000	41299999	1
Bd3	41300000	41399999	0.99872
Bd3	41400000	41499999	1
Bd3	41500000	41599999	0.99999
Bd3	41600000	41699999	0.99999
Bd3	41700000	41799999	0.99978
Bd3	41800000	41899999	0.99722
Bd3	41900000	41999999	0.99974
Bd3	42000000	42099999	0.9977
Bd3	42100000	42199999	0.99391
Bd3	42200000	42299999	0.99992
Bd3	42300000	42399999	0.9981
Bd3	42400000	42499999	0.99758
Bd3	42500000	42599999	0.99913
Bd3	42600000	42699999	0.99992
Bd3	42700000	42799999	0.99636
Bd3	42800000	42899999	0.99723
Bd3	42900000	42999999	0.99851
Bd3	43000000	43099999	0.99541
Bd3	43100000	43199999	0.99977
Bd3	43200000	43299999	0.9963
Bd3	43300000	43399999	1
Bd3	43400000	43499999	0.99713
Bd3	43500000	43599999	0.99959
Bd3	43600000	43699999	1
Bd3	43700000	43799999	0.99919
Bd3	43800000	43899999	0.9996
Bd3	43900000	43999999	0.99969
Bd3	44000000	44099999	0.99878
Bd3	44100000	44199999	0.99914
Bd3	44200000	44299999	0.99741
Bd3	44300000	44399999	0.99706
Bd3	44400000	44499999	0.99834
Bd3	44500000	44599999	0.99957
Bd3	44600000	44699999	0.99856
Bd3	44700000	44799999	0.99989
Bd3	44800000	44899999	0.99999
Bd3	44900000	44999999	0.99551
Bd3	45000000	45099999	0.99407
Bd3	45100000	45199999	0.99227
Bd3	45200000	45299999	0.99777
Bd3	45300000	45399999	0.99968
Bd3	45400000	45499999	0.97681
Bd3	45500000	45599999	0.99729
Bd3	45600000	45699999	0.99699
Bd3	45700000	45799999	0.98791
Bd3	45800000	45899999	0.99704
Bd3	45900000	45999999	0.99998
Bd3	46000000	46099999	0.97735
Bd3	46100000	46199999	0.96914
Bd3	46200000	46299999	0.99944
Bd3	46300000	46399999	0.99966
Bd3	46400000	46499999	0.99989
Bd3	46500000	46599999	0.99651
Bd3	46600000	46699999	0.99707
Bd3	46700000	46799999	0.99999
Bd3	46800000	46899999	0.99837
Bd3	46900000	46999999	1
Bd3	47000000	47099999	0.99732
Bd3	47100000	47199999	0.98678
Bd3	47200000	47299999	0.99769
Bd3	47300000	47399999	0.99975
Bd3	47400000	47499999	1
Bd3	47500000	47599999	0.99572
Bd3	47600000	47699999	0.99996
Bd3	47700000	47799999	0.99938
Bd3	47800000	47899999	0.99698
Bd3	47900000	47999999	0.99943
Bd3	48000000	48099999	0.99869
Bd3	48100000	48199999	0.9967
Bd3	48200000	48299999	0.99784
Bd3	48300000	48399999	0.99961
Bd3	48400000	48499999	0.99986
Bd3	48500000	48599999	0.99652
Bd3	48600000	48699999	0.99963
Bd3	48700000	48799999	0.99999
Bd3	48800000	48899999	0.99995
Bd3	48900000	48999999	0.99995
Bd3	49000000	49099999	0.9999
Bd3	49100000	49199999	0.99992
Bd3	49200000	49299999	0.99873
Bd3	49300000	49399999	0.99992
Bd3	49400000	49499999	0.99999
Bd3	49500000	49599999	0.99557
Bd3	49600000	49699999	0.99873
Bd3	49700000	49799999	0.99958
Bd3	49800000	49899999	0.99999
Bd3	49900000	49999999	0.9973
Bd3	50000000	50099999	0.99999
Bd3	50100000	50199999	1
Bd3	50200000	50299999	0.99999
Bd3	50300000	50399999	0.99823
Bd3	50400000	50499999	1
Bd3	50500000	50599999	0.99245
Bd3	50600000	50699999	0.99949
Bd3	50700000	50799999	0.99914
Bd3	50800000	50899999	0.99997
Bd3	50900000	50999999	0.99751
Bd3	51000000	51099999	0.98098
Bd3	51100000	51199999	0.99964
Bd3	51200000	51299999	0.9997
Bd3	51300000	51399999	0.9996
Bd3	51400000	51499999	0.99995
Bd3	51500000	51599999	1
Bd3	51600000	51699999	0.99406
Bd3	51700000	51799999	0.99217
Bd3	51800000	51899999	0.99996
Bd3	51900000	51999999	0.99852
Bd3	52000000	52099999	0.9989
Bd3	52100000	52199999	0.99887
Bd3	52200000	52299999	0.99925
Bd3	52300000	52399999	0.99953
Bd3	52400000	52499999	0.99982
Bd3	52500000	52599999	0.99906
Bd3	52600000	52699999	0.99607
Bd3	52700000	52799999	0.99645
Bd3	52800000	52899999	1
Bd3	52900000	52999999	0.99995
Bd3	53000000	53099999	0.99889
Bd3	53100000	53199999	0.99909
Bd3	53200000	53299999	0.99997
Bd3	53300000	53399999	1
Bd3	53400000	53499999	0.99999
Bd3	53500000	53599999	1
Bd3	53600000	53699999	0.99991
Bd3	53700000	53799999	0.99909
Bd3	53800000	53899999	0.99999
Bd3	53900000	53999999	0.99988
Bd3	54000000	54099999	0.99852
Bd3	54100000	54199999	0.99819
Bd3	54200000	54299999	0.99865
Bd3	54300000	54399999	0.99999
Bd3	54400000	54499999	1
Bd3	54500000	54599999	0.99991
Bd3	54600000	54699999	0.99892
Bd3	54700000	54799999	0.99996
Bd3	54800000	54899999	0.99698
Bd3	54900000	54999999	0.99883
Bd3	55000000	55099999	0.99736
Bd3	55100000	55199999	0.999
Bd3	55200000	55299999	0.99979
Bd3	55300000	55399999	0.99866
Bd3	55400000	55499999	0.99984
Bd3	55500000	55599999	0.99784
Bd3	55600000	55699999	0.99983
Bd3	55700000	55799999	0.99978
Bd3	55800000	55899999	0.99857
Bd3	55900000	55999999	0.99999
Bd3	56000000	56099999	0.99998
Bd3	56100000	56199999	0.9999
Bd3	56200000	56299999	0.99846
Bd3	56300000	56399999	0.9987
Bd3	56400000	56499999	0.9998
Bd3	56500000	56599999	0.99434
Bd3	56600000	56699999	1
Bd3	56700000	56799999	0.99999
Bd3	56800000	56899999	0.99722
Bd3	56900000	56999999	0.99598
Bd3	57000000	57099999	1
Bd3	57100000	57199999	0.99998
Bd3	57200000	57299999	0.9998
Bd3	57300000	57399999	0.99999
Bd3	57400000	57499999	0.99876
Bd3	57500000	57599999	0.99633
Bd3	57600000	57699999	0.99685
Bd3	57700000	57799999	0.98248
Bd3	57800000	57899999	0.99891
Bd3	57900000	57999999	0.99977
Bd3	58000000	58099999	0.99989
Bd3	58100000	58199999	0.99948
Bd3	58200000	58299999	0.99948
Bd3	58300000	58399999	1
Bd3	58400000	58499999	1
Bd3	58500000	58599999	0.99942
Bd3	58600000	58699999	1
Bd3	58700000	58799999	0.99955
Bd3	58800000	58899999	1
Bd3	58900000	58999999	0.99999
Bd3	59000000	59099999	0.99975
Bd3	59100000	59199999	1
Bd3	59200000	59299999	0.99879
Bd3	59300000	59399999	0.99999
Bd3	59400000	59499999	0.99986
Bd3	59500000	59599999	0.99892
Bd3	59600000	59699999	0
Bd4	0	99999	0.99803
Bd4	100000	199999	0.9969
Bd4	200000	299999	0.99916
Bd4	300000	399999	0.99903
Bd4	400000	499999	0.99939
Bd4	500000	599999	0.99826
Bd4	600000	699999	0.99926
Bd4	700000	799999	0.99985
Bd4	800000	899999	0.99969
Bd4	900000	999999	0.99989
Bd4	1000000	1099999	0.99852
Bd4	1100000	1199999	0.99902
Bd4	1200000	1299999	1
Bd4	1300000	1399999	0.99999
Bd4	1400000	1499999	0.99995
Bd4	1500000	1599999	0.99966
Bd4	1600000	1699999	0.99985
Bd4	1700000	1799999	0.99688
Bd4	1800000	1899999	0.99956
Bd4	1900000	1999999	0.99881
Bd4	2000000	2099999	0.99989
Bd4	2100000	2199999	0.99999
Bd4	2200000	2299999	0.99959
Bd4	2300000	2399999	0.99319
Bd4	2400000	2499999	0.99937
Bd4	2500000	2599999	0.98316
Bd4	2600000	2699999	0.99836
Bd4	2700000	2799999	0.99958
Bd4	2800000	2899999	0.99966
Bd4	2900000	2999999	0.99983
Bd4	3000000	3099999	0.99999
Bd4	3100000	3199999	0.99999
Bd4	3200000	3299999	0.99936
Bd4	3300000	3399999	0.99978
Bd4	3400000	3499999	0.97217
Bd4	3500000	3599999	0.99995
Bd4	3600000	3699999	0.99829
Bd4	3700000	3799999	0.99488
Bd4	3800000	3899999	0.99959
Bd4	3900000	3999999	0.99987
Bd4	4000000	4099999	0.9999
Bd4	4100000	4199999	1
Bd4	4200000	4299999	0.99999
Bd4	4300000	4399999	0.99728
Bd4	4400000	4499999	1
Bd4	4500000	4599999	0.99555
Bd4	4600000	4699999	0.99995
Bd4	4700000	4799999	0.99942
Bd4	4800000	4899999	0.99906
Bd4	4900000	4999999	0.99782
Bd4	5000000	5099999	0.99999
Bd4	5100000	5199999	0.99736
Bd4	5200000	5299999	0.99993
Bd4	5300000	5399999	0.9981
Bd4	5400000	5499999	1
Bd4	5500000	5599999	0.99997
Bd4	5600000	5699999	1
Bd4	5700000	5799999	0.99621
Bd4	5800000	5899999	0.99973
Bd4	5900000	5999999	0.99626
Bd4	6000000	6099999	0.99339
Bd4	6100000	6199999	0.99999
Bd4	6200000	6299999	0.99535
Bd4	6300000	6399999	0.99964
Bd4	6400000	6499999	0.9989
Bd4	6500000	6599999	0.99531
Bd4	6600000	6699999	0.99913
Bd4	6700000	6799999	0.99785
Bd4	6800000	6899999	0.99782
Bd4	6900000	6999999	1
Bd4	7000000	7099999	0.99671
Bd4	7100000	7199999	0.99968
Bd4	7200000	7299999	0.99879
Bd4	7300000	7399999	0.99875
Bd4	7400000	7499999	0.99999
Bd4	7500000	7599999	0.98375
Bd4	7600000	7699999	0.99923
Bd4	7700000	7799999	0.99995
Bd4	7800000	7899999	1
Bd4	7900000	7999999	0.99998
Bd4	8000000	8099999	0.99326
Bd4	8100000	8199999	0.99439
Bd4	8200000	8299999	0.95781
Bd4	8300000	8399999	0.98495
Bd4	8400000	8499999	1
Bd4	8500000	8599999	0.99921
Bd4	8600000	8699999	1
Bd4	8700000	8799999	0.99747
Bd4	8800000	8899999	0.98704
Bd4	8900000	8999999	0.96574
Bd4	9000000	9099999	0.98818
Bd4	9100000	9199999	1
Bd4	9200000	9299999	1
Bd4	9300000	9399999	0.99816
Bd4	9400000	9499999	0.99782
Bd4	9500000	9599999	0.99353
Bd4	9600000	9699999	0.99994
Bd4	9700000	9799999	0.99985
Bd4	9800000	9899999	0.99883
Bd4	9900000	9999999	0.99848
Bd4	10000000	10099999	0.99149
Bd4	10100000	10199999	0.99445
Bd4	10200000	10299999	0.99884
Bd4	10300000	10399999	0.99948
Bd4	10400000	10499999	0.99709
Bd4	10500000	10599999	0.99442
Bd4	10600000	10699999	0.98116
Bd4	10700000	10799999	0.99453
Bd4	10800000	10899999	0.99286
Bd4	10900000	10999999	0.99806
Bd4	11000000	11099999	0.99497
Bd4	11100000	11199999	0.99304
Bd4	11200000	11299999	0.99985
Bd4	11300000	11399999	0.99077
Bd4	11400000	11499999	0.99913
Bd4	11500000	11599999	0.99822
Bd4	11600000	11699999	0.98933
Bd4	11700000	11799999	0.99778
Bd4	11800000	11899999	0.99691
Bd4	11900000	11999999	0.99605
Bd4	12000000	12099999	0.99663
Bd4	12100000	12199999	0.99693
Bd4	12200000	12299999	0.99595
Bd4	12300000	12399999	0.99798
Bd4	12400000	12499999	0.99939
Bd4	12500000	12599999	0.99514
Bd4	12600000	12699999	0.99215
Bd4	12700000	12799999	0.98558
Bd4	12800000	12899999	0.99001
Bd4	12900000	12999999	0.99867
Bd4	13000000	13099999	0.99688
Bd4	13100000	13199999	0.99992
Bd4	13200000	13299999	0.99962
Bd4	13300000	13399999	0.99971
Bd4	13400000	13499999	0.99775
Bd4	13500000	13599999	0.991
Bd4	13600000	13699999	0.99992
Bd4	13700000	13799999	0.99989
Bd4	13800000	13899999	1
Bd4	13900000	13999999	0.99713
Bd4	14000000	14099999	0.99999
Bd4	14100000	14199999	0.99854
Bd4	14200000	14299999	0.99734
Bd4	14300000	14399999	0.99789
Bd4	14400000	14499999	0.99792
Bd4	14500000	14599999	0.99998
Bd4	14600000	14699999	0.99908
Bd4	14700000	14799999	0.99969
Bd4	14800000	14899999	0.99715
Bd4	14900000	14999999	0.99746
Bd4	15000000	15099999	0.99376
Bd4	15100000	15199999	0.99647
Bd4	15200000	15299999	0.99599
Bd4	15300000	15399999	0.99891
Bd4	15400000	15499999	0.99548
Bd4	15500000	15599999	0.99985
Bd4	15600000	15699999	0.99986
Bd4	15700000	15799999	0.99861
Bd4	15800000	15899999	0.99877
Bd4	15900000	15999999	0.99632
Bd4	16000000	16099999	0.99999
Bd4	16100000	16199999	0.99649
Bd4	16200000	16299999	0.99252
Bd4	16300000	16399999	0.99165
Bd4	16400000	16499999	0.99364
Bd4	16500000	16599999	0.99185
Bd4	16600000	16699999	0.99998
Bd4	16700000	16799999	0.99585
Bd4	16800000	16899999	0.99453
Bd4	16900000	16999999	0.99955
Bd4	17000000	17099999	0.99426
Bd4	17100000	17199999	0.99955
Bd4	17200000	17299999	0.99808
Bd4	17300000	17399999	0.99996
Bd4	17400000	17499999	0.99752
Bd4	17500000	17599999	0.99876
Bd4	17600000	17699999	0.99989
Bd4	17700000	17799999	0.99964
Bd4	17800000	17899999	0.99679
Bd4	17900000	17999999	0.99402
Bd4	18000000	18099999	0.99956
Bd4	18100000	18199999	0.99743
Bd4	18200000	18299999	0.99354
Bd4	18300000	18399999	0.99656
Bd4	18400000	18499999	0.99788
Bd4	18500000	18599999	0.99693
Bd4	18600000	18699999	0.99988
Bd4	18700000	18799999	0.99595
Bd4	18800000	18899999	0.99438
Bd4	18900000	18999999	0.97684
Bd4	19000000	19099999	0.98093
Bd4	19100000	19199999	0.98723
Bd4	19200000	19299999	0.99262
Bd4	19300000	19399999	0.98066
Bd4	19400000	19499999	0.97756
Bd4	19500000	19599999	0.99364
Bd4	19600000	19699999	0.9999
Bd4	19700000	19799999	0.99576
Bd4	19800000	19899999	0.9889
Bd4	19900000	19999999	0.98277
Bd4	20000000	20099999	0.98923
Bd4	20100000	20199999	0.99524
Bd4	20200000	20299999	0.99568
Bd4	20300000	20399999	0.97762
Bd4	20400000	20499999	0.99212
Bd4	20500000	20599999	0.9951
Bd4	20600000	20699999	0.9862
Bd4	20700000	20799999	0.46562
Bd4	20800000	20899999	0.52767
Bd4	20900000	20999999	0.993
Bd4	21000000	21099999	0.99286
Bd4	21100000	21199999	0.99039
Bd4	21200000	21299999	0.99397
Bd4	21300000	21399999	0.98377
Bd4	21400000	21499999	0.99405
Bd4	21500000	21599999	0.99936
Bd4	21600000	21699999	0.99866
Bd4	21700000	21799999	0.99589
Bd4	21800000	21899999	0.9917
Bd4	21900000	21999999	0.99735
Bd4	22000000	22099999	0.9883
Bd4	22100000	22199999	0.99994
Bd4	22200000	22299999	0.99513
Bd4	22300000	22399999	0.99451
Bd4	22400000	22499999	0.99516
Bd4	22500000	22599999	0.99597
Bd4	22600000	22699999	0.9901
Bd4	22700000	22799999	0.99238
Bd4	22800000	22899999	0.99732
Bd4	22900000	22999999	0.99481
Bd4	23000000	23099999	0.99122
Bd4	23100000	23199999	0.98461
Bd4	23200000	23299999	0.99765
Bd4	23300000	23399999	0.99854
Bd4	23400000	23499999	0.9995
Bd4	23500000	23599999	0.99829
Bd4	23600000	23699999	0.99993
Bd4	23700000	23799999	0.99973
Bd4	23800000	23899999	0.99998
Bd4	23900000	23999999	0.9974
Bd4	24000000	24099999	0.99198
Bd4	24100000	24199999	0.99855
Bd4	24200000	24299999	0.98422
Bd4	24300000	24399999	0.98589
Bd4	24400000	24499999	0.99653
Bd4	24500000	24599999	0.99107
Bd4	24600000	24699999	0.98573
Bd4	24700000	24799999	0.99276
Bd4	24800000	24899999	0.99604
Bd4	24900000	24999999	0.99759
Bd4	25000000	25099999	0.99502
Bd4	25100000	25199999	0.99411
Bd4	25200000	25299999	0.9984
Bd4	25300000	25399999	0.99098
Bd4	25400000	25499999	0.99235
Bd4	25500000	25599999	0.993
Bd4	25600000	25699999	0.99673
Bd4	25700000	25799999	0.99804
Bd4	25800000	25899999	0.99794
Bd4	25900000	25999999	0.99326
Bd4	26000000	26099999	0.99657
Bd4	26100000	26199999	0.9991
Bd4	26200000	26299999	0.99392
Bd4	26300000	26399999	0.99342
Bd4	26400000	26499999	0.99168
Bd4	26500000	26599999	0.98446
Bd4	26600000	26699999	0.99453
Bd4	26700000	26799999	0.99155
Bd4	26800000	26899999	0.99674
Bd4	26900000	26999999	0.99782
Bd4	27000000	27099999	0.99394
Bd4	27100000	27199999	0.99871
Bd4	27200000	27299999	0.99957
Bd4	27300000	27399999	0.98915
Bd4	27400000	27499999	0.99836
Bd4	27500000	27599999	0.99893
Bd4	27600000	27699999	1
Bd4	27700000	27799999	0.997
Bd4	27800000	27899999	0.99654
Bd4	27900000	27999999	0.99984
Bd4	28000000	28099999	0.99849
Bd4	28100000	28199999	0.99506
Bd4	28200000	28299999	0.99987
Bd4	28300000	28399999	0.99555
Bd4	28400000	28499999	0.99644
Bd4	28500000	28599999	0.97682
Bd4	28600000	28699999	0.99537
Bd4	28700000	28799999	0.98996
Bd4	28800000	28899999	0.99808
Bd4	28900000	28999999	0.99234
Bd4	29000000	29099999	0.99507
Bd4	29100000	29199999	0.99973
Bd4	29200000	29299999	0.99929
Bd4	29300000	29399999	0.99949
Bd4	29400000	29499999	0.99732
Bd4	29500000	29599999	0.99668
Bd4	29600000	29699999	0.99973
Bd4	29700000	29799999	0.99954
Bd4	29800000	29899999	0.99898
Bd4	29900000	29999999	0.99977
Bd4	30000000	30099999	0.99815
Bd4	30100000	30199999	0.99633
Bd4	30200000	30299999	0.98669
Bd4	30300000	30399999	0.97634
Bd4	30400000	30499999	0.9826
Bd4	30500000	30599999	0.98417
Bd4	30600000	30699999	0.99437
Bd4	30700000	30799999	0.98946
Bd4	30800000	30899999	0.9995
Bd4	30900000	30999999	1
Bd4	31000000	31099999	0.99992
Bd4	31100000	31199999	0.89472
Bd4	31200000	31299999	0.99572
Bd4	31300000	31399999	0.99995
Bd4	31400000	31499999	0.99998
Bd4	31500000	31599999	0.9999
Bd4	31600000	31699999	0.98905
Bd4	31700000	31799999	0.99991
Bd4	31800000	31899999	0.99776
Bd4	31900000	31999999	0.99977
Bd4	32000000	32099999	0.99437
Bd4	32100000	32199999	0.99435
Bd4	32200000	32299999	0.9967
Bd4	32300000	32399999	1
Bd4	32400000	32499999	1
Bd4	32500000	32599999	0.9975
Bd4	32600000	32699999	0.99989
Bd4	32700000	32799999	0.99948
Bd4	32800000	32899999	0.99648
Bd4	32900000	32999999	0.99888
Bd4	33000000	33099999	0.99828
Bd4	33100000	33199999	0.998
Bd4	33200000	33299999	0.99924
Bd4	33300000	33399999	0.99966
Bd4	33400000	33499999	0.99796
Bd4	33500000	33599999	0.99326
Bd4	33600000	33699999	0.99431
Bd4	33700000	33799999	0.99995
Bd4	33800000	33899999	0.98092
Bd4	33900000	33999999	0.99998
Bd4	34000000	34099999	0.981
Bd4	34100000	34199999	0.99768
Bd4	34200000	34299999	0.99906
Bd4	34300000	34399999	0.99859
Bd4	34400000	34499999	0.99992
Bd4	34500000	34599999	0.99953
Bd4	34600000	34699999	0.99998
Bd4	34700000	34799999	0.99289
Bd4	34800000	34899999	0.98163
Bd4	34900000	34999999	0.9907
Bd4	35000000	35099999	0.99683
Bd4	35100000	35199999	0.9997
Bd4	35200000	35299999	0.99664
Bd4	35300000	35399999	0.9994
Bd4	35400000	35499999	0.99997
Bd4	35500000	35599999	0.99427
Bd4	35600000	35699999	0.99719
Bd4	35700000	35799999	0.99998
Bd4	35800000	35899999	0.99289
Bd4	35900000	35999999	0.99523
Bd4	36000000	36099999	0.99977
Bd4	36100000	36199999	0.99852
Bd4	36200000	36299999	0.99911
Bd4	36300000	36399999	0.99845
Bd4	36400000	36499999	0.99561
Bd4	36500000	36599999	0.99803
Bd4	36600000	36699999	0.99474
Bd4	36700000	36799999	0.99982
Bd4	36800000	36899999	0.99784
Bd4	36900000	36999999	0.99987
Bd4	37000000	37099999	0.99782
Bd4	37100000	37199999	0.99988
Bd4	37200000	37299999	0.9979
Bd4	37300000	37399999	0.99857
Bd4	37400000	37499999	0.99711
Bd4	37500000	37599999	0.99979
Bd4	37600000	37699999	1
Bd4	37700000	37799999	0.99967
Bd4	37800000	37899999	0.99797
Bd4	37900000	37999999	0.99987
Bd4	38000000	38099999	0.99648
Bd4	38100000	38199999	0.99911
Bd4	38200000	38299999	0.99829
Bd4	38300000	38399999	0.99902
Bd4	38400000	38499999	0.99595
Bd4	38500000	38599999	0.99873
Bd4	38600000	38699999	0.99774
Bd4	38700000	38799999	0.99843
Bd4	38800000	38899999	0.99832
Bd4	38900000	38999999	0.99737
Bd4	39000000	39099999	0.99227
Bd4	39100000	39199999	0.98929
Bd4	39200000	39299999	0.9997
Bd4	39300000	39399999	0.99817
Bd4	39400000	39499999	0.99728
Bd4	39500000	39599999	0.99946
Bd4	39600000	39699999	1
Bd4	39700000	39799999	0.99993
Bd4	39800000	39899999	0.99585
Bd4	39900000	39999999	0.99044
Bd4	40000000	40099999	0.99996
Bd4	40100000	40199999	0.99998
Bd4	40200000	40299999	0.99728
Bd4	40300000	40399999	0.9787
Bd4	40400000	40499999	0.99955
Bd4	40500000	40599999	1
Bd4	40600000	40699999	0.99985
Bd4	40700000	40799999	0.99846
Bd4	40800000	40899999	0.99984
Bd4	40900000	40999999	0.99706
Bd4	41000000	41099999	0.99999
Bd4	41100000	41199999	1
Bd4	41200000	41299999	0.99967
Bd4	41300000	41399999	0.99848
Bd4	41400000	41499999	0.99999
Bd4	41500000	41599999	0.99837
Bd4	41600000	41699999	0.99986
Bd4	41700000	41799999	0.98965
Bd4	41800000	41899999	0.9988
Bd4	41900000	41999999	0.99499
Bd4	42000000	42099999	0.99571
Bd4	42100000	42199999	0.99581
Bd4	42200000	42299999	0.99755
Bd4	42300000	42399999	0.99962
Bd4	42400000	42499999	0.99938
Bd4	42500000	42599999	0.99646
Bd4	42600000	42699999	0.99945
Bd4	42700000	42799999	0.99993
Bd4	42800000	42899999	0.99838
Bd4	42900000	42999999	0.99907
Bd4	43000000	43099999	0.99802
Bd4	43100000	43199999	1
Bd4	43200000	43299999	0.9995
Bd4	43300000	43399999	1
Bd4	43400000	43499999	1
Bd4	43500000	43599999	0.99999
Bd4	43600000	43699999	0.99999
Bd4	43700000	43799999	1
Bd4	43800000	43899999	0.99895
Bd4	43900000	43999999	0.9996
Bd4	44000000	44099999	1
Bd4	44100000	44199999	0.99833
Bd4	44200000	44299999	0.99856
Bd4	44300000	44399999	0.99999
Bd4	44400000	44499999	0.99997
Bd4	44500000	44599999	0.99892
Bd4	44600000	44699999	1
Bd4	44700000	44799999	0.99796
Bd4	44800000	44899999	0.99999
Bd4	44900000	44999999	0.99884
Bd4	45000000	45099999	1
Bd4	45100000	45199999	0.99641
Bd4	45200000	45299999	1
Bd4	45300000	45399999	0.99853
Bd4	45400000	45499999	0.9953
Bd4	45500000	45599999	0.99878
Bd4	45600000	45699999	0.99639
Bd4	45700000	45799999	0.99839
Bd4	45800000	45899999	0.99672
Bd4	45900000	45999999	0.99977
Bd4	46000000	46099999	0.99835
Bd4	46100000	46199999	0.99992
Bd4	46200000	46299999	0.99999
Bd4	46300000	46399999	1
Bd4	46400000	46499999	1
Bd4	46500000	46599999	1
Bd4	46600000	46699999	0.99999
Bd4	46700000	46799999	0.99568
Bd4	46800000	46899999	0.9989
Bd4	46900000	46999999	0.99999
Bd4	47000000	47099999	1
Bd4	47100000	47199999	0.99999
Bd4	47200000	47299999	1
Bd4	47300000	47399999	0.99979
Bd4	47400000	47499999	0.99997
Bd4	47500000	47599999	0.99788
Bd4	47600000	47699999	0.99943
Bd4	47700000	47799999	0.99544
Bd4	47800000	47899999	0.99458
Bd4	47900000	47999999	0.9927
Bd4	48000000	48099999	1
Bd4	48100000	48199999	0.99867
Bd4	48200000	48299999	0.99973
Bd4	48300000	48399999	0.99734
Bd4	48400000	48499999	0.98498
Bd4	48500000	48599999	0
Bd5	0	99999	0.75926
Bd5	100000	199999	0.75241
Bd5	200000	299999	0.87078
Bd5	300000	399999	0.97023
Bd5	400000	499999	0.99823
Bd5	500000	599999	0.99848
Bd5	600000	699999	0.99574
Bd5	700000	799999	0.99966
Bd5	800000	899999	0.99616
Bd5	900000	999999	0.99711
Bd5	1000000	1099999	0.99717
Bd5	1100000	1199999	0.99732
Bd5	1200000	1299999	0.99389
Bd5	1300000	1399999	0.99599
Bd5	1400000	1499999	0.98671
Bd5	1500000	1599999	0.9439
Bd5	1600000	1699999	0.97204
Bd5	1700000	1799999	0.99535
Bd5	1800000	1899999	0.9991
Bd5	1900000	1999999	0.99729
Bd5	2000000	2099999	0.99874
Bd5	2100000	2199999	0.99719
Bd5	2200000	2299999	0.99702
Bd5	2300000	2399999	0.99527
Bd5	2400000	2499999	0.99935
Bd5	2500000	2599999	0.99704
Bd5	2600000	2699999	0.99341
Bd5	2700000	2799999	0.9306
Bd5	2800000	2899999	0.9741
Bd5	2900000	2999999	0.99403
Bd5	3000000	3099999	0.99483
Bd5	3100000	3199999	0.99189
Bd5	3200000	3299999	0.99719
Bd5	3300000	3399999	0.99714
Bd5	3400000	3499999	0.99787
Bd5	3500000	3599999	0.9899
Bd5	3600000	3699999	0.98722
Bd5	3700000	3799999	0.99717
Bd5	3800000	3899999	0.99633
Bd5	3900000	3999999	0.9918
Bd5	4000000	4099999	0.98906
Bd5	4100000	4199999	0.99668
Bd5	4200000	4299999	0.99162
Bd5	4300000	4399999	0.99455
Bd5	4400000	4499999	0.99906
Bd5	4500000	4599999	0.99731
Bd5	4600000	4699999	0.98795
Bd5	4700000	4799999	0.98913
Bd5	4800000	4899999	0.99059
Bd5	4900000	4999999	0.99594
Bd5	5000000	5099999	0.99505
Bd5	5100000	5199999	0.99449
Bd5	5200000	5299999	0.99908
Bd5	5300000	5399999	0.98738
Bd5	5400000	5499999	0.96488
Bd5	5500000	5599999	0.98352
Bd5	5600000	5699999	0.97289
Bd5	5700000	5799999	0.99474
Bd5	5800000	5899999	0.99547
Bd5	5900000	5999999	0.99775
Bd5	6000000	6099999	0.99529
Bd5	6100000	6199999	0.98312
Bd5	6200000	6299999	0.99417
Bd5	6300000	6399999	0.98606
Bd5	6400000	6499999	0.9802
Bd5	6500000	6599999	0.99078
Bd5	6600000	6699999	0.99663
Bd5	6700000	6799999	0.993
Bd5	6800000	6899999	0.99535
Bd5	6900000	6999999	0.96454
Bd5	7000000	7099999	0.97275
Bd5	7100000	7199999	0.97668
Bd5	7200000	7299999	0.98904
Bd5	7300000	7399999	0.99016
Bd5	7400000	7499999	0.98316
Bd5	7500000	7599999	0.97909
Bd5	7600000	7699999	0.98845
Bd5	7700000	7799999	0.98371
Bd5	7800000	7899999	0.98614
Bd5	7900000	7999999	0.98925
Bd5	8000000	8099999	0.97918
Bd5	8100000	8199999	0.98008
Bd5	8200000	8299999	0.97895
Bd5	8300000	8399999	0.98978
Bd5	8400000	8499999	0.98085
Bd5	8500000	8599999	0.98263
Bd5	8600000	8699999	0.98162
Bd5	8700000	8799999	0.98536
Bd5	8800000	8899999	0.99075
Bd5	8900000	8999999	0.99189
Bd5	9000000	9099999	0.977
Bd5	9100000	9199999	0.97175
Bd5	9200000	9299999	0.98867
Bd5	9300000	9399999	0.99279
Bd5	9400000	9499999	0.97648
Bd5	9500000	9599999	0.99061
Bd5	9600000	9699999	0.98643
Bd5	9700000	9799999	0.99457
Bd5	9800000	9899999	0.9965
Bd5	9900000	9999999	0.99106
Bd5	10000000	10099999	0.99392
Bd5	10100000	10199999	0.99167
Bd5	10200000	10299999	0.99919
Bd5	10300000	10399999	0.99801
Bd5	10400000	10499999	0.99642
Bd5	10500000	10599999	0.99506
Bd5	10600000	10699999	0.99516
Bd5	10700000	10799999	0.99326
Bd5	10800000	10899999	0.99845
Bd5	10900000	10999999	0.99558
Bd5	11000000	11099999	0.99232
Bd5	11100000	11199999	0.96445
Bd5	11200000	11299999	0.99663
Bd5	11300000	11399999	0.99577
Bd5	11400000	11499999	0.98909
Bd5	11500000	11599999	0.99681
Bd5	11600000	11699999	0.99476
Bd5	11700000	11799999	0.99758
Bd5	11800000	11899999	0.98887
Bd5	11900000	11999999	0.99893
Bd5	12000000	12099999	0.99283
Bd5	12100000	12199999	0.99825
Bd5	12200000	12299999	0.99529
Bd5	12300000	12399999	0.9977
Bd5	12400000	12499999	0.99317
Bd5	12500000	12599999	0.99482
Bd5	12600000	12699999	0.99688
Bd5	12700000	12799999	0.99244
Bd5	12800000	12899999	0.97443
Bd5	12900000	12999999	0.97903
Bd5	13000000	13099999	0.99525
Bd5	13100000	13199999	0.99658
Bd5	13200000	13299999	0.99174
Bd5	13300000	13399999	0.99832
Bd5	13400000	13499999	0.99666
Bd5	13500000	13599999	0.99169
Bd5	13600000	13699999	0.99913
Bd5	13700000	13799999	0.99124
Bd5	13800000	13899999	0.9987
Bd5	13900000	13999999	0.99055
Bd5	14000000	14099999	0.99115
Bd5	14100000	14199999	0.9971
Bd5	14200000	14299999	0.99823
Bd5	14300000	14399999	0.9739
Bd5	14400000	14499999	0.98552
Bd5	14500000	14599999	0.98999
Bd5	14600000	14699999	0.96812
Bd5	14700000	14799999	0.99615
Bd5	14800000	14899999	0.99504
Bd5	14900000	14999999	0.99717
Bd5	15000000	15099999	0.99635
Bd5	15100000	15199999	0.98235
Bd5	15200000	15299999	0.98479
Bd5	15300000	15399999	0.9954
Bd5	15400000	15499999	0.99627
Bd5	15500000	15599999	0.99795
Bd5	15600000	15699999	0.99358
Bd5	15700000	15799999	0.99628
Bd5	15800000	15899999	0.99646
Bd5	15900000	15999999	0.99543
Bd5	16000000	16099999	0.99734
Bd5	16100000	16199999	0.99851
Bd5	16200000	16299999	0.99574
Bd5	16300000	16399999	0.99139
Bd5	16400000	16499999	0.99285
Bd5	16500000	16599999	0.99465
Bd5	16600000	16699999	0.99739
Bd5	16700000	16799999	0.99845
Bd5	16800000	16899999	0.99319
Bd5	16900000	16999999	0.99779
Bd5	17000000	17099999	0.99732
Bd5	17100000	17199999	0.99971
Bd5	17200000	17299999	0.99853
Bd5	17300000	17399999	0.9961
Bd5	17400000	17499999	0.99744
Bd5	17500000	17599999	0.99381
Bd5	17600000	17699999	0.9956
Bd5	17700000	17799999	0.99503
Bd5	17800000	17899999	0.9988
Bd5	17900000	17999999	0.99657
Bd5	18000000	18099999	0.99889
Bd5	18100000	18199999	0.99278
Bd5	18200000	18299999	0.99503
Bd5	18300000	18399999	0.99677
Bd5	18400000	18499999	0.99581
Bd5	18500000	18599999	0.99943
Bd5	18600000	18699999	0.9973
Bd5	18700000	18799999	0.99851
Bd5	18800000	18899999	0.99249
Bd5	18900000	18999999	0.99731
Bd5	19000000	19099999	0.99569
Bd5	19100000	19199999	0.99336
Bd5	19200000	19299999	0.99912
Bd5	19300000	19399999	0.99717
Bd5	19400000	19499999	0.99106
Bd5	19500000	19599999	0.99833
Bd5	19600000	19699999	0.99564
Bd5	19700000	19799999	0.99653
Bd5	19800000	19899999	0.99865
Bd5	19900000	19999999	0.99843
Bd5	20000000	20099999	0.99093
Bd5	20100000	20199999	0.99685
Bd5	20200000	20299999	0.99807
Bd5	20300000	20399999	0.99819
Bd5	20400000	20499999	0.99798
Bd5	20500000	20599999	0.99667
Bd5	20600000	20699999	0.99686
Bd5	20700000	20799999	0.98829
Bd5	20800000	20899999	0.99097
Bd5	20900000	20999999	0.99906
Bd5	21000000	21099999	0.99962
Bd5	21100000	21199999	0.99779
Bd5	21200000	21299999	0.99941
Bd5	21300000	21399999	0.99852
Bd5	21400000	21499999	0.99757
Bd5	21500000	21599999	0.99908
Bd5	21600000	21699999	0.99653
Bd5	21700000	21799999	0.99854
Bd5	21800000	21899999	0.99338
Bd5	21900000	21999999	0.99935
Bd5	22000000	22099999	0.99877
Bd5	22100000	22199999	0.99079
Bd5	22200000	22299999	0.99831
Bd5	22300000	22399999	0.99786
Bd5	22400000	22499999	0.99858
Bd5	22500000	22599999	0.99685
Bd5	22600000	22699999	0.97273
Bd5	22700000	22799999	0.99666
Bd5	22800000	22899999	0.99799
Bd5	22900000	22999999	0.99802
Bd5	23000000	23099999	0.99558
Bd5	23100000	23199999	0.99657
Bd5	23200000	23299999	0.99321
Bd5	23300000	23399999	0.99942
Bd5	23400000	23499999	0.99877
Bd5	23500000	23599999	0.99796
Bd5	23600000	23699999	0.99804
Bd5	23700000	23799999	0.99347
Bd5	23800000	23899999	0.99963
Bd5	23900000	23999999	0.99949
Bd5	24000000	24099999	0.99855
Bd5	24100000	24199999	0.99783
Bd5	24200000	24299999	0.99735
Bd5	24300000	24399999	0.99597
Bd5	24400000	24499999	0.99863
Bd5	24500000	24599999	0.99899
Bd5	24600000	24699999	0.99994
Bd5	24700000	24799999	0.99909
Bd5	24800000	24899999	0.99579
Bd5	24900000	24999999	0.99719
Bd5	25000000	25099999	0.99883
Bd5	25100000	25199999	0.99694
Bd5	25200000	25299999	0.9981
Bd5	25300000	25399999	0.99872
Bd5	25400000	25499999	0.9996
Bd5	25500000	25599999	0.99534
Bd5	25600000	25699999	0.99877
Bd5	25700000	25799999	0.99939
Bd5	25800000	25899999	0.99667
Bd5	25900000	25999999	0.99722
Bd5	26000000	26099999	0.99831
Bd5	26100000	26199999	0.99884
Bd5	26200000	26299999	0.99618
Bd5	26300000	26399999	0.99744
Bd5	26400000	26499999	0.99213
Bd5	26500000	26599999	0.99763
Bd5	26600000	26699999	0.99941
Bd5	26700000	26799999	0.99964
Bd5	26800000	26899999	0.99798
Bd5	26900000	26999999	0.99972
Bd5	27000000	27099999	0.99979
Bd5	27100000	27199999	0.99405
Bd5	27200000	27299999	0.99624
Bd5	27300000	27399999	0.99572
Bd5	27400000	27499999	0.99794
Bd5	27500000	27599999	0.99941
Bd5	27600000	27699999	0.9974
Bd5	27700000	27799999	0.99789
Bd5	27800000	27899999	0.99831
Bd5	27900000	27999999	0.99917
Bd5	28000000	28099999	0.98593
Bd5	28100000	28199999	0.99203
Bd5	28200000	28299999	0.997
Bd5	28300000	28399999	0.99512
Bd5	28400000	28499999	0.99974
Bd5	28500000	28599999	0.9989
Bd5	28600000	28699999	0
